 11           1           1   343212.5       221182.9    
 11           1           1   106772.9       81276.32    
 11           1           2  0.0000000E+00  0.0000000E+00
 11           1           2   118331.2       24205.36    
 11           1           3   376766.5       133741.9    
 11           1           3   36159.27       16127.22    
 11           1           4   2185829.       901998.3    
 11           1           4   47738.29       19092.73    
 11           2           1   343212.5       221182.9    
 11           2           1   106772.9       81276.32    
 11           2           2  0.0000000E+00  0.0000000E+00
 11           2           2   118331.2       24205.36    
 11           2           3   376766.5       133741.9    
 11           2           3   36159.27       16127.22    
 11           2           4   2185829.       901998.3    
 11           2           4   47738.29       19092.73    
 12           1           1   335966.7       215811.1    
 12           1           1   109947.9       92355.66    
 12           1           2  0.0000000E+00  0.0000000E+00
 12           1           2   116768.9       24673.88    
 12           1           3   399091.7       139569.4    
 12           1           3   36975.53       16201.29    
 12           1           4   2320778.       941796.6    
 12           1           4   49443.14       19350.49    
 12           2           1   335966.7       215811.1    
 12           2           1   109947.9       92355.66    
 12           2           2  0.0000000E+00  0.0000000E+00
 12           2           2   116768.9       24673.88    
 12           2           3   399091.7       139569.4    
 12           2           3   36975.53       16201.29    
 12           2           4   2320778.       941796.6    
 12           2           4   49443.14       19350.49    
 13           1           1   309440.6       198614.2    
 13           1           1   108650.5       100261.3    
 13           1           2  0.0000000E+00  0.0000000E+00
 13           1           2   109734.8       24684.41    
 13           1           3   381988.1       132128.3    
 13           1           3   36377.95       16094.63    
 13           1           4   2207490.       884703.4    
 13           1           4   49217.82       19329.57    
 13           2           1   309440.6       198614.2    
 13           2           1   108650.5       100261.3    
 13           2           2  0.0000000E+00  0.0000000E+00
 13           2           2   109734.8       24684.41    
 13           2           3   381988.1       132128.3    
 13           2           3   36377.95       16094.63    
 13           2           4   2207490.       884703.4    
 13           2           4   49217.82       19329.57    
 14           1           1   295175.5       189656.2    
 14           1           1   106540.4       105751.3    
 14           1           2  0.0000000E+00  0.0000000E+00
 14           1           2   105919.0       24481.27    
 14           1           3   364418.2       125285.2    
 14           1           3   35568.20       15911.57    
 14           1           4   2082794.       828744.6    
 14           1           4   48617.45       19178.60    
 14           2           1   295175.5       189656.2    
 14           2           1   106540.4       105751.3    
 14           2           2  0.0000000E+00  0.0000000E+00
 14           2           2   105919.0       24481.27    
 14           2           3   364418.2       125285.2    
 14           2           3   35568.20       15911.57    
 14           2           4   2082794.       828744.6    
 14           2           4   48617.45       19178.60    
 15           1           1   289773.0       186363.9    
 15           1           1   104553.2       110306.5    
 15           1           2  0.0000000E+00  0.0000000E+00
 15           1           2   104425.9       24360.55    
 15           1           3   352758.3       120968.0    
 15           1           3   34836.25       15783.31    
 15           1           4   1988608.       788658.4    
 15           1           4   48039.89       19085.28    
 15           2           1   289773.0       186363.9    
 15           2           1   104553.2       110306.5    
 15           2           2  0.0000000E+00  0.0000000E+00
 15           2           2   104425.9       24360.55    
 15           2           3   352758.3       120968.0    
 15           2           3   34836.25       15783.31    
 15           2           4   1988608.       788658.4    
 15           2           4   48039.89       19085.28    
 16           1           1   289288.1       186262.7    
 16           1           1   102774.8       114420.8    
 16           1           2  0.0000000E+00  0.0000000E+00
 16           1           2   104499.7       24369.04    
 16           1           3   344989.5       118273.1    
 16           1           3   34195.99       15725.50    
 16           1           4   1915343.       759026.9    
 16           1           4   47518.30       19077.95    
 16           2           1   289288.1       186262.7    
 16           2           1   102774.8       114420.8    
 16           2           2  0.0000000E+00  0.0000000E+00
 16           2           2   104499.7       24369.04    
 16           2           3   344989.5       118273.1    
 16           2           3   34195.99       15725.50    
 16           2           4   1915343.       759026.9    
 16           2           4   47518.30       19077.95    
 17           1           1   288261.8       185751.2    
 17           1           1   100853.6       117997.2    
 17           1           2  0.0000000E+00  0.0000000E+00
 17           1           2   104453.5       24442.41    
 17           1           3   336864.6       115580.9    
 17           1           3   33522.06       15703.66    
 17           1           4   1840335.       729659.2    
 17           1           4   46894.72       19113.74    
 17           2           1   288261.8       185751.2    
 17           2           1   100853.6       117997.2    
 17           2           2  0.0000000E+00  0.0000000E+00
 17           2           2   104453.5       24442.41    
 17           2           3   336864.6       115580.9    
 17           2           3   33522.06       15703.66    
 17           2           4   1840335.       729659.2    
 17           2           4   46894.72       19113.74    
 18           1           1   286849.6       184982.5    
 18           1           1   98828.66       120912.4    
 18           1           2  0.0000000E+00  0.0000000E+00
 18           1           2   104335.8       24524.54    
 18           1           3   328607.5       112900.6    
 18           1           3   32822.46       15689.03    
 18           1           4   1765685.       700871.1    
 18           1           4   46191.34       19155.70    
 18           2           1   286849.6       184982.5    
 18           2           1   98828.66       120912.4    
 18           2           2  0.0000000E+00  0.0000000E+00
 18           2           2   104335.8       24524.54    
 18           2           3   328607.5       112900.6    
 18           2           3   32822.46       15689.03    
 18           2           4   1765685.       700871.1    
 18           2           4   46191.34       19155.70    
 19           1           1   285336.6       184139.0    
 19           1           1   96793.48       123225.7    
 19           1           2  0.0000000E+00  0.0000000E+00
 19           1           2   104197.1       24601.32    
 19           1           3   320671.8       110352.6    
 19           1           3   32125.27       15673.72    
 19           1           4   1694240.       673518.2    
 19           1           4   45457.84       19194.43    
 19           2           1   285336.6       184139.0    
 19           2           1   96793.48       123225.7    
 19           2           2  0.0000000E+00  0.0000000E+00
 19           2           2   104197.1       24601.32    
 19           2           3   320671.8       110352.6    
 19           2           3   32125.27       15673.72    
 19           2           4   1694240.       673518.2    
 19           2           4   45457.84       19194.43    
 20           1           1   283392.9       182964.0    
 20           1           1   94840.06       124839.8    
 20           1           2  0.0000000E+00  0.0000000E+00
 20           1           2   103857.0       24635.18    
 20           1           3   313592.4       108087.0    
 20           1           3   31459.68       15639.57    
 20           1           4   1628897.       648517.5    
 20           1           4   44747.63       19205.51    
 20           2           1   283392.9       182964.0    
 20           2           1   94840.06       124839.8    
 20           2           2  0.0000000E+00  0.0000000E+00
 20           2           2   103857.0       24635.18    
 20           2           3   313592.4       108087.0    
 20           2           3   31459.68       15639.57    
 20           2           4   1628897.       648517.5    
 20           2           4   44747.63       19205.51    
 21           1           1   281693.1       181948.0    
 21           1           1   93003.62       126059.1    
 21           1           2  0.0000000E+00  0.0000000E+00
 21           1           2   103588.6       24664.33    
 21           1           3   307512.1       106149.7    
 21           1           3   30836.14       15604.01    
 21           1           4   1570246.       626072.8    
 21           1           4   44082.38       19213.66    
 21           2           1   281693.1       181948.0    
 21           2           1   93003.62       126059.1    
 21           2           2  0.0000000E+00  0.0000000E+00
 21           2           2   103588.6       24664.33    
 21           2           3   307512.1       106149.7    
 21           2           3   30836.14       15604.01    
 21           2           4   1570246.       626072.8    
 21           2           4   44082.38       19213.66    
 22           1           1   279826.6       180807.3    
 22           1           1   91265.09       126925.0    
 22           1           2  0.0000000E+00  0.0000000E+00
 22           1           2   103248.0       24682.28    
 22           1           3   301985.2       104381.3    
 22           1           3   30247.63       15563.77    
 22           1           4   1515821.       605165.1    
 22           1           4   43457.77       19214.62    
 22           2           1   279826.6       180807.3    
 22           2           1   91265.09       126925.0    
 22           2           2  0.0000000E+00  0.0000000E+00
 22           2           2   103248.0       24682.28    
 22           2           3   301985.2       104381.3    
 22           2           3   30247.63       15563.77    
 22           2           4   1515821.       605165.1    
 22           2           4   43457.77       19214.62    
 23           1           1   277834.5       179556.4    
 23           1           1   89676.00       127347.9    
 23           1           2  0.0000000E+00  0.0000000E+00
 23           1           2   102835.9       24662.38    
 23           1           3   297305.5       102878.8    
 23           1           3   29711.01       15506.50    
 23           1           4   1466936.       586294.6    
 23           1           4   42904.09       19191.19    
 23           2           1   277834.5       179556.4    
 23           2           1   89676.00       127347.9    
 23           2           2  0.0000000E+00  0.0000000E+00
 23           2           2   102835.9       24662.38    
 23           2           3   297305.5       102878.8    
 23           2           3   29711.01       15506.50    
 23           2           4   1466936.       586294.6    
 23           2           4   42904.09       19191.19    
 24           1           1   276183.1       178543.0    
 24           1           1   88205.19       127678.6    
 24           1           2  0.0000000E+00  0.0000000E+00
 24           1           2   102560.0       24657.46    
 24           1           3   293233.3       101570.2    
 24           1           3   29215.34       15456.45    
 24           1           4   1422200.       568972.4    
 24           1           4   42406.77       19177.48    
 24           2           1   276183.1       178543.0    
 24           2           1   88205.19       127678.6    
 24           2           2  0.0000000E+00  0.0000000E+00
 24           2           2   102560.0       24657.46    
 24           2           3   293233.3       101570.2    
 24           2           3   29215.34       15456.45    
 24           2           4   1422200.       568972.4    
 24           2           4   42406.77       19177.48    
 25           1           1   274577.2       177566.4    
 25           1           1   86770.23       128022.9    
 25           1           2  0.0000000E+00  0.0000000E+00
 25           1           2   102316.0       24678.90    
 25           1           3   289220.4       100271.9    
 25           1           3   28732.71       15418.70    
 25           1           4   1378833.       552124.9    
 25           1           4   41924.53       19180.81    
 25           2           1   274577.2       177566.4    
 25           2           1   86770.23       128022.9    
 25           2           2  0.0000000E+00  0.0000000E+00
 25           2           2   102316.0       24678.90    
 25           2           3   289220.4       100271.9    
 25           2           3   28732.71       15418.70    
 25           2           4   1378833.       552124.9    
 25           2           4   41924.53       19180.81    
 26           1           1   272921.4       176564.3    
 26           1           1   85347.78       128310.1    
 26           1           2  0.0000000E+00  0.0000000E+00
 26           1           2   102055.1       24708.81    
 26           1           3   285013.8       98901.92    
 26           1           3   28255.03       15384.95    
 26           1           4   1335618.       535297.2    
 26           1           4   41444.75       19189.61    
 26           2           1   272921.4       176564.3    
 26           2           1   85347.78       128310.1    
 26           2           2  0.0000000E+00  0.0000000E+00
 26           2           2   102055.1       24708.81    
 26           2           3   285013.8       98901.92    
 26           2           3   28255.03       15384.95    
 26           2           4   1335618.       535297.2    
 26           2           4   41444.75       19189.61    
 27           1           1   271835.6       175894.8    
 27           1           1   84103.41       128210.7    
 27           1           2  0.0000000E+00  0.0000000E+00
 27           1           2   101909.3       24685.63    
 27           1           3   282187.2       98000.91    
 27           1           3   27837.41       15327.20    
 27           1           4   1299829.       521377.1    
 27           1           4   41052.69       19164.18    
 27           2           1   271835.6       175894.8    
 27           2           1   84103.41       128210.7    
 27           2           2  0.0000000E+00  0.0000000E+00
 27           2           2   101909.3       24685.63    
 27           2           3   282187.2       98000.91    
 27           2           3   27837.41       15327.20    
 27           2           4   1299829.       521377.1    
 27           2           4   41052.69       19164.18    
 28           1           1   270009.1       174919.2    
 28           1           1   82568.02       129267.8    
 28           1           2  0.0000000E+00  0.0000000E+00
 28           1           2   101825.8       24874.94    
 28           1           3   275395.0       95755.56    
 28           1           3   27322.72       15365.75    
 28           1           4   1246915.       500745.8    
 28           1           4   40502.80       19275.57    
 28           2           1   270009.1       174919.2    
 28           2           1   82568.02       129267.8    
 28           2           2  0.0000000E+00  0.0000000E+00
 28           2           2   101825.8       24874.94    
 28           2           3   275395.0       95755.56    
 28           2           3   27322.72       15365.75    
 28           2           4   1246915.       500745.8    
 28           2           4   40502.80       19275.57    
 29           1           1   268659.8       174151.2    
 29           1           1   81106.95       129620.9    
 29           1           2  0.0000000E+00  0.0000000E+00
 29           1           2   101739.3       24950.18    
 29           1           3   269642.5       93888.03    
 29           1           3   26832.62       15352.47    
 29           1           4   1200053.       482608.1    
 29           1           4   39979.84       19313.40    
 29           2           1   268659.8       174151.2    
 29           2           1   81106.95       129620.9    
 29           2           2  0.0000000E+00  0.0000000E+00
 29           2           2   101739.3       24950.18    
 29           2           3   269642.5       93888.03    
 29           2           3   26832.62       15352.47    
 29           2           4   1200053.       482608.1    
 29           2           4   39979.84       19313.40    
 30           1           1   267764.1       173637.5    
 30           1           1   79813.71       129693.2    
 30           1           2  0.0000000E+00  0.0000000E+00
 30           1           2   101731.6       24983.10    
 30           1           3   265443.4       92554.52    
 30           1           3   26398.60       15320.15    
 30           1           4   1161222.       467641.6    
 30           1           4   39536.55       19324.01    
 30           2           1   267764.1       173637.5    
 30           2           1   79813.71       129693.2    
 30           2           2  0.0000000E+00  0.0000000E+00
 30           2           2   101731.6       24983.10    
 30           2           3   265443.4       92554.52    
 30           2           3   26398.60       15320.15    
 30           2           4   1161222.       467641.6    
 30           2           4   39536.55       19324.01    
 31           1           1   267504.9       173524.4    
 31           1           1   78744.27       129579.0    
 31           1           2  0.0000000E+00  0.0000000E+00
 31           1           2   101902.9       24988.58    
 31           1           3   262807.8       91750.18    
 31           1           3   26039.62       15275.61    
 31           1           4   1130089.       455673.2    
 31           1           4   39206.99       19316.98    
 31           2           1   267504.9       173524.4    
 31           2           1   78744.27       129579.0    
 31           2           2  0.0000000E+00  0.0000000E+00
 31           2           2   101902.9       24988.58    
 31           2           3   262807.8       91750.18    
 31           2           3   26039.62       15275.61    
 31           2           4   1130089.       455673.2    
 31           2           4   39206.99       19316.98    
 32           1           1   267504.9       173524.4    
 32           1           1   78744.27       129579.0    
 32           1           2  0.0000000E+00  0.0000000E+00
 32           1           2   101902.9       24988.58    
 32           1           3   262807.8       91750.18    
 32           1           3   26039.62       15275.61    
 32           1           4   1130089.       455673.2    
 32           1           4   39206.99       19316.98    
 32           2           1   267504.9       173524.4    
 32           2           1   78744.27       129579.0    
 32           2           2  0.0000000E+00  0.0000000E+00
 32           2           2   101902.9       24988.58    
 32           2           3   262807.8       91750.18    
 32           2           3   26039.62       15275.61    
 32           2           4   1130089.       455673.2    
 32           2           4   39206.99       19316.98    
 33           1           1   267504.9       173524.4    
 33           1           1   78744.27       129579.0    
 33           1           2  0.0000000E+00  0.0000000E+00
 33           1           2   101902.9       24988.58    
 33           1           3   262807.8       91750.18    
 33           1           3   26039.62       15275.61    
 33           1           4   1130089.       455673.2    
 33           1           4   39206.99       19316.98    
 33           2           1   267504.9       173524.4    
 33           2           1   78744.27       129579.0    
 33           2           2  0.0000000E+00  0.0000000E+00
 33           2           2   101902.9       24988.58    
 33           2           3   262807.8       91750.18    
 33           2           3   26039.62       15275.61    
 33           2           4   1130089.       455673.2    
 33           2           4   39206.99       19316.98    
 34           1           1   267504.9       173524.4    
 34           1           1   78744.27       129579.0    
 34           1           2  0.0000000E+00  0.0000000E+00
 34           1           2   101902.9       24988.58    
 34           1           3   262807.8       91750.18    
 34           1           3   26039.62       15275.61    
 34           1           4   1130089.       455673.2    
 34           1           4   39206.99       19316.98    
 34           2           1   267504.9       173524.4    
 34           2           1   78744.27       129579.0    
 34           2           2  0.0000000E+00  0.0000000E+00
 34           2           2   101902.9       24988.58    
 34           2           3   262807.8       91750.18    
 34           2           3   26039.62       15275.61    
 34           2           4   1130089.       455673.2    
 34           2           4   39206.99       19316.98    
 35           1           1   267504.9       173524.4    
 35           1           1   78744.27       129579.0    
 35           1           2  0.0000000E+00  0.0000000E+00
 35           1           2   101902.9       24988.58    
 35           1           3   262807.8       91750.18    
 35           1           3   26039.62       15275.61    
 35           1           4   1130089.       455673.2    
 35           1           4   39206.99       19316.98    
 35           2           1   267504.9       173524.4    
 35           2           1   78744.27       129579.0    
 35           2           2  0.0000000E+00  0.0000000E+00
 35           2           2   101902.9       24988.58    
 35           2           3   262807.8       91750.18    
 35           2           3   26039.62       15275.61    
 35           2           4   1130089.       455673.2    
 35           2           4   39206.99       19316.98    
 36           1           1   267504.9       173524.4    
 36           1           1   78744.27       129579.0    
 36           1           2  0.0000000E+00  0.0000000E+00
 36           1           2   101902.9       24988.58    
 36           1           3   262807.8       91750.18    
 36           1           3   26039.62       15275.61    
 36           1           4   1130089.       455673.2    
 36           1           4   39206.99       19316.98    
 36           2           1   267504.9       173524.4    
 36           2           1   78744.27       129579.0    
 36           2           2  0.0000000E+00  0.0000000E+00
 36           2           2   101902.9       24988.58    
 36           2           3   262807.8       91750.18    
 36           2           3   26039.62       15275.61    
 36           2           4   1130089.       455673.2    
 36           2           4   39206.99       19316.98    
 37           1           1   267504.9       173524.4    
 37           1           1   78744.27       129579.0    
 37           1           2  0.0000000E+00  0.0000000E+00
 37           1           2   101902.9       24988.58    
 37           1           3   262807.8       91750.18    
 37           1           3   26039.62       15275.61    
 37           1           4   1130089.       455673.2    
 37           1           4   39206.99       19316.98    
 37           2           1   267504.9       173524.4    
 37           2           1   78744.27       129579.0    
 37           2           2  0.0000000E+00  0.0000000E+00
 37           2           2   101902.9       24988.58    
 37           2           3   262807.8       91750.18    
 37           2           3   26039.62       15275.61    
 37           2           4   1130089.       455673.2    
 37           2           4   39206.99       19316.98    
 38           1           1   267504.9       173524.4    
 38           1           1   78744.27       129579.0    
 38           1           2  0.0000000E+00  0.0000000E+00
 38           1           2   101902.9       24988.58    
 38           1           3   262807.8       91750.18    
 38           1           3   26039.62       15275.61    
 38           1           4   1130089.       455673.2    
 38           1           4   39206.99       19316.98    
 38           2           1   267504.9       173524.4    
 38           2           1   78744.27       129579.0    
 38           2           2  0.0000000E+00  0.0000000E+00
 38           2           2   101902.9       24988.58    
 38           2           3   262807.8       91750.18    
 38           2           3   26039.62       15275.61    
 38           2           4   1130089.       455673.2    
 38           2           4   39206.99       19316.98    
 39           1           1   267504.9       173524.4    
 39           1           1   78744.27       129579.0    
 39           1           2  0.0000000E+00  0.0000000E+00
 39           1           2   101902.9       24988.58    
 39           1           3   262807.8       91750.18    
 39           1           3   26039.62       15275.61    
 39           1           4   1130089.       455673.2    
 39           1           4   39206.99       19316.98    
 39           2           1   267504.9       173524.4    
 39           2           1   78744.27       129579.0    
 39           2           2  0.0000000E+00  0.0000000E+00
 39           2           2   101902.9       24988.58    
 39           2           3   262807.8       91750.18    
 39           2           3   26039.62       15275.61    
 39           2           4   1130089.       455673.2    
 39           2           4   39206.99       19316.98    
 40           1           1   267504.9       173524.4    
 40           1           1   78744.27       129579.0    
 40           1           2  0.0000000E+00  0.0000000E+00
 40           1           2   101902.9       24988.58    
 40           1           3   262807.8       91750.18    
 40           1           3   26039.62       15275.61    
 40           1           4   1130089.       455673.2    
 40           1           4   39206.99       19316.98    
 40           2           1   267504.9       173524.4    
 40           2           1   78744.27       129579.0    
 40           2           2  0.0000000E+00  0.0000000E+00
 40           2           2   101902.9       24988.58    
 40           2           3   262807.8       91750.18    
 40           2           3   26039.62       15275.61    
 40           2           4   1130089.       455673.2    
 40           2           4   39206.99       19316.98    
 41           1           1   267504.9       173524.4    
 41           1           1   78744.27       129579.0    
 41           1           2  0.0000000E+00  0.0000000E+00
 41           1           2   101902.9       24988.58    
 41           1           3   262807.8       91750.18    
 41           1           3   26039.62       15275.61    
 41           1           4   1130089.       455673.2    
 41           1           4   39206.99       19316.98    
 41           2           1   267504.9       173524.4    
 41           2           1   78744.27       129579.0    
 41           2           2  0.0000000E+00  0.0000000E+00
 41           2           2   101902.9       24988.58    
 41           2           3   262807.8       91750.18    
 41           2           3   26039.62       15275.61    
 41           2           4   1130089.       455673.2    
 41           2           4   39206.99       19316.98    

! $Header: m:/default/input/RCS/wcdcfus.txt,v 1.2 2006/06/09 13:10:45 EM4 Exp $
! Maple-C: n:/default/input/RCS/wldcfus.txt,v 1.1 2005/03/12 00:26:46 em4 Exp $
