FILE NAME:      KCOGEN

DATE MODIFIED:  October 21, 2024

USED BY:        CDISTGEN subroutine of the National Energy Modeling System (NEMS) Commercial Demand Module (CDM)

DEFINITION:     Historical combined heat and power (CHP) generation. The amount of electricity cogenerated by fuel in the commercial sector [CMCogenEl]
                 for CBECSyear+1 through CMCogHstYr (set in COMVARS)

UNITS:          billion British thermal units (Btu)

DIMENSION:      Census division, building type, fuel (technology for natural gas)

SPECIAL CONSTRAINTS:    Non-negative values

ORGANIZATION OF DATA:   Data starts on row 101 of this file as per CDM convention

                Each block corresponds to a U.S. census division (CD), in the following order: 
                  New England, Mid Atlantic, East North Central, West North Central, 
                  South Atlantic, East South Central, West South Central, Mountain, Pacific

                Each row within a block corresponds to one of 11 CDM building types (BT) in the following order:
                  Assembly, Education, Food sales, Food service, Health care, Lodging, Large Office, Small Office, 
                  Mercantile and service, Warehouse, Other

                Each column corresponds to one of 14 fuels (or technology), in the following order:
                  Electricity, Natural Gas (Gas engine), Distillate fuel oil, Residual fuel oil, Propane or LPG, Steam coal,
                  Motor gasoline, Kerosene, Wood, Municipal solid waste, Hydroelectric, Other, Other gaseous fuels, Natural gas (Gas turbine)

                Every nine blocks corresponds to one year

SOURCES:        U.S. Energy Information Administration, EIA-860B Survey of Independent Power Producers database
                U.S. Energy Information Administration, EIA-860 Annual Electric Generator Report database

COMMENT:        Remove data from historical years prior to CMFirstYr (2019)





























































Fuel\Technology
Elec	NG_eng	DFO	RFO	LPG	Coal	MoGas	Kero	Wood	MSW	Hydro	Other	OGF	NG_turbine
1	2	3	4	5	6	7	8	9	10	11	12	13	14	CD	BT	Year
																													
0.00	52.11	0.00	0.00	0.00	0.00	0.00	0.00	0.00	0.00	0.00	0.00	0.00	431.40	1	1	2019					
0.00	134.67	14.90	43.32	0.00	0.00	0.00	0.00	7.91	136.56	0.00	0.00	0.00	1151.49	1	2	2019					
0.00	0.00	0.00	0.00	0.00	0.00	0.00	0.00	0.00	0.00	0.00	0.00	0.00	0.00	1	3	2019					
0.00	0.00	0.00	0.00	0.00	0.00	0.00	0.00	0.00	0.00	0.00	0.00	0.00	0.00	1	4	2019					
0.00	58.11	23.00	6.80	0.00	0.00	0.00	0.00	0.00	0.00	0.00	0.00	0.00	1687.03	1	5	2019					
0.00	0.00	0.00	0.00	0.00	0.00	0.00	0.00	0.00	0.00	0.00	0.00	0.00	0.00	1	6	2019					
0.00	0.00	0.00	0.00	0.00	0.00	0.00	0.00	0.00	0.00	0.00	0.00	0.00	0.00	1	7	2019					
0.00	0.00	0.00	0.00	0.00	0.00	0.00	0.00	0.00	0.00	0.00	0.00	0.00	0.00	1	8	2019					
0.00	0.00	0.00	0.00	0.00	0.00	0.00	0.00	0.00	0.00	0.00	0.00	0.00	0.00	1	9	2019					
0.00	0.00	0.00	0.00	0.00	0.00	0.00	0.00	0.00	0.00	0.00	0.00	0.00	0.00	1	10	2019					
0.00	0.00	39.20	0.00	0.00	0.00	0.00	0.00	0.00	425.97	18.80	0.00	0.00	0.30	1	11	2019					
																					
0.00	73.68	0.00	0.00	0.00	0.00	0.00	0.00	0.00	0.00	0.00	0.00	0.00	30.49	2	1	2019					
0.00	266.22	12.10	0.00	0.00	0.00	0.00	0.00	0.00	0.00	22.10	0.00	0.00	1788.82	2	2	2019					
0.00	0.00	0.00	0.00	0.00	0.00	0.00	0.00	0.00	0.00	0.00	0.00	0.00	0.00	2	3	2019					
0.00	0.00	0.00	0.00	0.00	0.00	0.00	0.00	0.00	0.00	0.00	0.00	0.00	0.00	2	4	2019					
0.00	89.66	12.36	0.00	0.00	0.00	0.00	0.00	0.00	0.00	0.00	0.00	0.00	780.79	2	5	2019					
0.00	0.00	11.56	0.00	0.00	0.00	0.00	0.00	0.00	0.00	0.00	0.00	0.00	538.74	2	6	2019					
0.00	16.21	0.00	0.00	0.00	0.00	0.00	0.00	0.00	0.00	0.00	0.00	0.00	0.00	2	7	2019					
0.00	0.00	0.00	0.00	0.00	0.00	0.00	0.00	0.00	0.00	0.00	0.00	0.00	0.00	2	8	2019					
0.00	144.69	0.95	0.00	0.00	0.00	0.00	0.00	0.00	0.00	0.00	0.00	0.00	176.77	2	9	2019					
0.00	0.00	0.00	0.00	0.00	0.00	0.00	0.00	0.00	0.00	0.00	0.00	0.00	0.00	2	10	2019					
0.00	37.14	13.40	0.00	0.00	0.00	0.00	0.00	0.00	3393.19	0.00	0.00	0.00	168.46	2	11	2019					
																					
0.00	0.00	0.00	0.00	0.00	0.00	0.00	0.00	0.00	0.00	0.00	0.00	0.00	0.00	3	1	2019					
0.00	101.07	3.03	0.00	0.00	196.44	0.00	0.00	0.00	0.00	0.00	0.00	0.00	4247.59	3	2	2019					
0.00	0.00	0.00	0.00	0.00	0.00	0.00	0.00	0.00	0.00	0.00	0.00	0.00	0.00	3	3	2019					
0.00	0.00	0.00	0.00	0.00	0.00	0.00	0.00	0.00	0.00	0.00	0.00	0.00	0.00	3	4	2019					
0.00	0.08	0.33	0.00	0.00	0.00	0.00	0.00	0.00	0.00	0.00	0.00	0.00	132.86	3	5	2019					
0.00	0.00	0.00	0.00	0.00	0.00	0.00	0.00	0.00	0.00	0.00	0.00	0.00	0.00	3	6	2019					
0.00	0.00	1.54	0.00	0.00	0.00	0.00	0.00	0.00	0.00	0.00	0.00	0.00	142.67	3	7	2019					
0.00	0.00	0.00	0.00	0.00	0.00	0.00	0.00	0.00	0.00	0.00	0.00	0.00	0.00	3	8	2019					
0.00	0.00	0.00	0.00	0.00	0.00	0.00	0.00	0.00	0.00	0.00	0.00	0.00	0.00	3	9	2019					
0.00	0.00	0.00	0.00	0.00	0.00	0.00	0.00	0.00	0.00	0.00	0.00	0.00	0.00	3	10	2019					
0.00	18.08	2.63	0.00	0.00	0.00	0.00	0.00	0.00	765.57	3.80	0.00	0.00	214.91	3	11	2019					
																					
0.00	0.00	0.00	0.00	0.00	0.00	0.00	0.00	0.00	0.00	0.00	0.00	0.00	0.00	4	1	2019					
0.00	9.89	0.60	16.17	0.00	261.28	0.00	0.00	192.39	28.82	0.00	0.00	0.00	767.21	4	2	2019					
0.00	0.00	0.00	0.00	0.00	0.00	0.00	0.00	0.00	0.00	0.00	0.00	0.00	0.00	4	3	2019					
0.00	0.00	0.00	0.00	0.00	0.00	0.00	0.00	0.00	0.00	0.00	0.00	0.00	0.00	4	4	2019					
0.00	0.34	4.16	0.00	0.00	0.00	0.00	0.00	0.00	0.00	0.00	46.43	0.00	318.91	4	5	2019					
0.00	0.00	0.00	0.00	0.00	0.00	0.00	0.00	0.00	0.00	0.00	0.00	0.00	0.00	4	6	2019					
0.00	0.00	2.35	0.00	0.00	0.00	0.00	0.00	0.00	0.00	0.00	0.00	0.00	71.68	4	7	2019					
0.00	0.00	0.00	0.00	0.00	0.00	0.00	0.00	0.00	0.00	0.00	0.00	0.00	0.00	4	8	2019					
0.00	0.00	0.05	0.00	0.00	0.00	0.00	0.00	0.00	0.00	0.00	0.00	0.00	0.00	4	9	2019					
0.00	0.00	0.00	0.00	0.00	0.00	0.00	0.00	0.00	0.00	0.00	0.00	0.00	0.00	4	10	2019					
0.00	37.42	0.05	0.00	0.00	8.05	0.00	0.00	66.16	219.01	0.00	0.00	0.00	1.26	4	11	2019					
																					
0.00	0.00	135.79	0.00	0.00	0.00	0.00	0.00	0.00	536.06	8.36	0.00	0.00	0.00	5	1	2019					
0.00	0.05	2.44	0.00	0.00	137.13	0.00	0.00	0.00	0.00	0.00	0.00	0.00	584.59	5	2	2019					
0.00	0.00	0.00	0.00	0.00	0.00	0.00	0.00	0.00	0.00	0.00	0.00	0.00	0.00	5	3	2019					
0.00	0.00	0.00	0.00	0.00	0.00	0.00	0.00	0.00	0.00	0.00	0.00	0.00	0.00	5	4	2019					
0.00	0.00	0.24	0.00	0.00	0.00	0.00	0.00	0.00	0.00	0.00	0.00	0.00	626.15	5	5	2019					
0.00	0.00	0.00	0.00	0.00	0.00	0.00	0.00	0.00	0.00	0.00	0.00	0.00	0.00	5	6	2019					
0.00	3.50	12.00	0.00	0.00	0.00	0.00	0.00	0.00	199.95	0.00	0.00	0.00	737.64	5	7	2019					
0.00	0.00	0.00	0.00	0.00	0.00	0.00	0.00	0.00	0.00	0.00	0.00	0.00	0.00	5	8	2019					
0.00	0.00	0.64	0.00	0.00	0.00	0.00	0.00	0.00	0.00	0.00	0.00	0.00	0.00	5	9	2019					
0.00	0.00	0.00	0.00	0.00	0.00	0.00	0.00	0.00	0.00	0.00	0.00	0.00	0.00	5	10	2019					
0.00	2.25	3.61	0.00	0.00	0.00	0.00	0.00	39.10	847.47	48.09	0.00	0.00	88.29	5	11	2019					
																					
0.00	0.00	0.00	0.00	0.00	0.00	0.00	0.00	0.00	0.00	0.00	0.00	0.00	0.00	6	1	2019					
0.00	0.00	0.00	0.00	0.00	0.00	0.00	0.00	0.00	0.00	0.00	0.00	0.00	598.26	6	2	2019					
0.00	0.00	0.00	0.00	0.00	0.00	0.00	0.00	0.00	0.00	0.00	0.00	0.00	0.00	6	3	2019					
0.00	0.00	0.00	0.00	0.00	0.00	0.00	0.00	0.00	0.00	0.00	0.00	0.00	0.00	6	4	2019					
0.00	0.00	0.00	0.00	0.00	0.00	0.00	0.00	0.00	0.00	0.00	0.00	0.00	0.00	6	5	2019					
0.00	0.00	0.00	0.00	0.00	0.00	0.00	0.00	0.00	0.00	0.00	0.00	0.00	111.41	6	6	2019					
0.00	0.00	0.00	0.00	0.00	0.00	0.00	0.00	0.00	0.00	0.00	0.00	0.00	0.00	6	7	2019					
0.00	0.00	0.00	0.00	0.00	0.00	0.00	0.00	0.00	0.00	0.00	0.00	0.00	0.00	6	8	2019					
0.00	0.00	0.00	0.00	0.00	0.00	0.00	0.00	0.00	0.00	0.00	0.00	0.00	0.00	6	9	2019					
0.00	0.00	0.00	0.00	0.00	0.00	0.00	0.00	0.00	0.00	0.00	0.00	0.00	0.00	6	10	2019					
0.00	0.00	0.00	0.00	0.00	0.00	0.00	0.00	0.00	0.00	0.00	0.00	0.00	0.00	6	11	2019					
																					
0.00	0.00	0.00	0.00	0.00	0.00	0.00	0.00	0.00	0.00	0.00	0.00	0.00	0.00	7	1	2019					
0.00	0.00	0.54	0.00	0.00	0.00	0.00	0.00	0.00	0.00	0.00	0.00	0.00	2572.17	7	2	2019					
0.00	0.00	0.00	0.00	0.00	0.00	0.00	0.00	0.00	0.00	0.00	0.00	0.00	0.00	7	3	2019					
0.00	0.00	0.00	0.00	0.00	0.00	0.00	0.00	0.00	0.00	0.00	0.00	0.00	0.00	7	4	2019					
0.00	0.00	0.23	0.00	0.00	0.00	0.00	0.00	0.00	0.00	0.00	0.00	0.00	337.94	7	5	2019					
0.00	0.00	0.00	0.00	0.00	0.00	0.00	0.00	0.00	0.00	0.00	0.00	0.00	0.00	7	6	2019					
0.00	46.39	1.13	0.00	0.00	0.00	0.00	0.00	0.00	0.00	0.00	0.00	0.00	0.00	7	7	2019					
0.00	0.00	0.00	0.00	0.00	0.00	0.00	0.00	0.00	0.00	0.00	0.00	0.00	0.00	7	8	2019					
0.00	0.00	0.09	0.00	0.00	0.00	0.00	0.00	0.00	0.00	0.00	0.00	0.00	0.00	7	9	2019					
0.00	0.00	0.00	0.00	0.00	0.00	0.00	0.00	0.00	0.00	0.00	0.00	0.00	0.00	7	10	2019					
0.00	0.39	0.00	0.00	0.00	0.00	0.00	0.00	0.00	56.21	5.11	0.00	0.00	82.04	7	11	2019					
																					
0.00	0.00	0.00	0.00	0.00	0.00	0.00	0.00	0.00	0.00	0.00	0.00	0.00	0.00	8	1	2019					
0.00	0.00	0.68	0.00	0.00	0.00	0.00	0.00	0.00	0.00	0.00	0.00	0.00	1224.79	8	2	2019					
0.00	0.00	0.00	0.00	0.00	0.00	0.00	0.00	0.00	0.00	0.00	0.00	0.00	0.00	8	3	2019					
0.00	0.00	0.00	0.00	0.00	0.00	0.00	0.00	0.00	0.00	0.00	0.00	0.00	0.00	8	4	2019					
0.00	0.00	0.00	0.00	0.00	0.00	0.00	0.00	0.00	0.00	0.00	0.00	0.00	0.00	8	5	2019					
0.00	0.05	0.00	0.00	0.00	0.00	0.00	0.00	0.00	0.00	0.00	0.00	0.00	215.40	8	6	2019					
0.00	0.04	0.03	0.00	0.00	0.00	0.00	0.00	0.00	30.10	0.00	0.00	0.00	0.00	8	7	2019					
0.00	0.00	0.00	0.00	0.00	0.00	0.00	0.00	0.00	0.00	0.00	0.00	0.00	0.00	8	8	2019					
0.00	0.00	0.00	0.00	0.00	0.00	0.00	0.00	0.00	0.00	0.00	0.00	0.00	0.00	8	9	2019					
0.00	0.00	0.00	0.00	0.00	0.00	0.00	0.00	0.00	0.00	0.00	0.00	0.00	0.00	8	10	2019					
0.00	0.00	0.00	0.00	0.00	0.00	0.00	0.00	0.00	86.14	45.24	0.00	0.00	0.00	8	11	2019					
																					
0.00	0.00	0.00	0.00	0.00	0.00	0.00	0.00	0.00	0.00	0.00	0.00	0.00	110.54	9	1	2019					
0.00	75.39	14.88	0.00	0.00	74.31	0.00	0.00	0.00	0.00	0.00	8.46	0.00	4125.21	9	2	2019					
0.00	0.00	0.00	0.00	0.00	0.00	0.00	0.00	0.00	0.00	0.00	0.00	0.00	0.00	9	3	2019					
0.00	0.00	0.00	0.00	0.00	0.00	0.00	0.00	0.00	0.00	0.00	0.00	0.00	0.00	9	4	2019					
0.00	65.77	0.04	0.00	0.00	0.00	0.00	0.00	0.00	0.00	0.00	0.00	0.00	454.49	9	5	2019					
0.00	0.00	0.00	0.00	0.00	0.00	0.00	0.00	0.00	0.00	0.00	0.00	0.00	0.00	9	6	2019					
0.00	48.13	1.17	0.00	0.00	235.70	0.00	0.00	0.00	125.85	0.00	0.00	0.00	454.27	9	7	2019					
0.00	0.00	0.00	0.00	0.00	0.00	0.00	0.00	0.00	0.00	0.00	0.00	0.00	0.00	9	8	2019					
0.00	13.54	0.81	0.00	0.00	0.00	0.00	0.00	0.00	0.00	0.00	0.00	0.00	286.34	9	9	2019					
0.00	0.00	0.00	0.00	0.00	0.00	0.00	0.00	0.00	0.00	0.00	0.00	0.00	0.00	9	10	2019					
0.00	121.09	20.54	0.00	0.00	0.00	0.00	0.00	0.00	0.00	490.88	0.00	0.00	78.12	9	11	2019					
																					
																					
0.00	46.99	0.00	0.00	0.00	0.00	0.00	0.00	0.00	0.00	0.00	0.00	0.00	36.62	1	1	2020					
0.00	98.98	4.20	35.34	0.00	0.00	0.00	0.00	5.57	131.31	0.00	0.00	0.00	1032.23	1	2	2020					
0.00	0.00	0.00	0.00	0.00	0.00	0.00	0.00	0.00	0.00	0.00	0.00	0.00	0.00	1	3	2020					
0.00	0.00	0.00	0.00	0.00	0.00	0.00	0.00	0.00	0.00	0.00	0.00	0.00	0.00	1	4	2020					
0.00	121.50	7.48	2.86	0.00	0.00	0.00	0.00	0.00	0.00	0.00	0.00	0.00	1674.76	1	5	2020					
0.00	0.00	0.00	0.00	0.00	0.00	0.00	0.00	0.00	0.00	0.00	0.00	0.00	0.00	1	6	2020					
0.00	0.00	0.00	0.00	0.00	0.00	0.00	0.00	0.00	0.00	0.00	0.00	0.00	0.00	1	7	2020					
0.00	0.00	0.00	0.00	0.00	0.00	0.00	0.00	0.00	0.00	0.00	0.00	0.00	0.00	1	8	2020					
0.00	0.00	0.00	0.00	0.00	0.00	0.00	0.00	0.00	0.00	0.00	0.00	0.00	0.00	1	9	2020					
0.00	0.00	0.00	0.00	0.00	0.00	0.00	0.00	0.00	0.00	0.00	0.00	0.00	0.00	1	10	2020					
0.00	0.00	18.21	0.00	0.00	0.00	0.00	0.00	0.00	0.00	15.90	0.00	0.00	14.52	1	11	2020					
																					
0.00	67.81	0.00	0.00	0.00	0.00	0.00	0.00	0.00	0.00	0.00	0.00	0.00	6.58	2	1	2020					
0.00	154.16	21.77	0.00	0.00	0.00	0.00	0.00	0.00	0.00	19.25	0.00	0.00	1574.83	2	2	2020					
0.00	0.00	0.00	0.00	0.00	0.00	0.00	0.00	0.00	0.00	0.00	0.00	0.00	0.00	2	3	2020					
0.00	0.00	0.00	0.00	0.00	0.00	0.00	0.00	0.00	0.00	0.00	0.00	0.00	0.00	2	4	2020					
0.00	64.46	7.19	0.00	0.00	0.00	0.00	0.00	0.00	0.00	0.00	0.00	0.00	660.54	2	5	2020					
0.00	0.00	16.34	0.00	0.00	0.00	0.00	0.00	0.00	0.00	0.00	0.00	0.00	586.18	2	6	2020					
0.00	4.66	0.00	0.00	0.00	0.00	0.00	0.00	0.00	0.00	0.00	0.00	0.00	0.00	2	7	2020					
0.00	0.00	0.00	0.00	0.00	0.00	0.00	0.00	0.00	0.00	0.00	0.00	0.00	0.00	2	8	2020					
0.00	150.34	0.01	0.00	0.00	0.00	0.00	0.00	0.00	0.00	0.00	0.00	0.00	195.63	2	9	2020					
0.00	0.00	0.00	0.00	0.00	0.00	0.00	0.00	0.00	0.00	0.00	0.00	0.00	0.00	2	10	2020					
0.00	31.54	12.13	0.00	0.00	0.00	0.00	0.00	0.00	0.00	0.00	0.00	0.00	167.36	2	11	2020					
																					
0.00	0.00	0.00	0.00	0.00	0.00	0.00	0.00	0.00	0.00	0.00	0.00	0.00	0.00	3	1	2020					
0.00	76.29	7.12	0.00	0.00	112.94	0.00	0.00	0.00	0.00	0.00	0.00	0.00	4075.34	3	2	2020					
0.00	0.00	0.00	0.00	0.00	0.00	0.00	0.00	0.00	0.00	0.00	0.00	0.00	0.00	3	3	2020					
0.00	0.00	0.00	0.00	0.00	0.00	0.00	0.00	0.00	0.00	0.00	0.00	0.00	0.00	3	4	2020					
0.00	0.09	0.21	0.00	0.00	0.00	0.00	0.00	0.00	0.00	0.00	0.00	0.00	127.14	3	5	2020					
0.00	0.00	0.00	0.00	0.00	0.00	0.00	0.00	0.00	0.00	0.00	0.00	0.00	0.00	3	6	2020					
0.00	0.00	1.42	0.00	0.00	0.00	0.00	0.00	0.00	0.00	0.00	0.00	0.00	367.33	3	7	2020					
0.00	0.00	0.00	0.00	0.00	0.00	0.00	0.00	0.00	0.00	0.00	0.00	0.00	0.00	3	8	2020					
0.00	0.00	0.00	0.00	0.00	0.00	0.00	0.00	0.00	0.00	0.00	0.00	0.00	0.00	3	9	2020					
0.00	0.00	0.00	0.00	0.00	0.00	0.00	0.00	0.00	0.00	0.00	0.00	0.00	0.00	3	10	2020					
0.00	13.47	0.00	0.00	0.00	0.00	0.00	0.00	0.00	0.00	3.85	0.00	0.00	230.57	3	11	2020					
																					
0.00	0.00	0.00	0.00	0.00	0.00	0.00	0.00	0.00	0.00	0.00	0.00	0.00	0.00	4	1	2020					
0.00	9.14	0.32	8.32	0.00	190.62	0.00	0.00	171.56	22.97	0.00	0.00	0.00	722.87	4	2	2020					
0.00	0.00	0.00	0.00	0.00	0.00	0.00	0.00	0.00	0.00	0.00	0.00	0.00	0.00	4	3	2020					
0.00	0.00	0.00	0.00	0.00	0.00	0.00	0.00	0.00	0.00	0.00	0.00	0.00	0.00	4	4	2020					
0.00	0.38	8.08	0.00	0.00	0.00	0.00	0.00	0.00	0.00	0.00	73.00	0.00	325.56	4	5	2020					
0.00	0.00	0.00	0.00	0.00	0.00	0.00	0.00	0.00	0.00	0.00	0.00	0.00	0.00	4	6	2020					
0.00	0.00	3.46	0.00	0.00	0.00	0.00	0.00	0.00	0.00	0.00	0.00	0.00	56.11	4	7	2020					
0.00	0.00	0.00	0.00	0.00	0.00	0.00	0.00	0.00	0.00	0.00	0.00	0.00	0.00	4	8	2020					
0.00	0.00	0.04	0.00	0.00	0.00	0.00	0.00	0.00	0.00	0.00	0.00	0.00	0.00	4	9	2020					
0.00	0.00	0.00	0.00	0.00	0.00	0.00	0.00	0.00	0.00	0.00	0.00	0.00	0.00	4	10	2020					
0.00	14.28	0.04	0.00	0.00	4.39	0.00	0.00	98.66	0.00	0.00	0.00	0.00	3.71	4	11	2020					
																					
0.00	0.00	149.10	0.00	0.00	0.00	0.00	0.00	0.00	528.68	11.59	0.00	0.00	0.00	5	1	2020					
0.00	0.39	0.10	0.00	0.00	114.71	0.00	0.00	0.00	0.00	0.00	0.00	0.00	554.55	5	2	2020					
0.00	0.00	0.00	0.00	0.00	0.00	0.00	0.00	0.00	0.00	0.00	0.00	0.00	0.00	5	3	2020					
0.00	0.00	0.00	0.00	0.00	0.00	0.00	0.00	0.00	0.00	0.00	0.00	0.00	0.00	5	4	2020					
0.00	153.24	0.22	0.00	0.00	0.00	0.00	0.00	0.00	0.00	0.00	0.00	0.00	583.20	5	5	2020					
0.00	0.00	0.00	0.00	0.00	0.00	0.00	0.00	0.00	0.00	0.00	0.00	0.00	0.00	5	6	2020					
0.00	19.37	3.83	0.00	0.00	0.00	0.00	0.00	0.00	223.59	0.00	0.00	0.00	636.87	5	7	2020					
0.00	0.00	0.00	0.00	0.00	0.00	0.00	0.00	0.00	0.00	0.00	0.00	0.00	0.00	5	8	2020					
0.00	0.00	0.37	0.00	0.00	0.00	0.00	0.00	0.00	0.00	0.00	0.00	0.00	0.00	5	9	2020					
0.00	0.00	0.00	0.00	0.00	0.00	0.00	0.00	0.00	0.00	0.00	0.00	0.00	0.00	5	10	2020					
0.00	18.78	1.54	0.00	0.00	0.00	0.00	0.00	35.16	0.00	51.32	0.00	0.00	171.71	5	11	2020					
																					
0.00	0.00	0.00	0.00	0.00	0.00	0.00	0.00	0.00	0.00	0.00	0.00	0.00	0.00	6	1	2020					
0.00	0.00	0.00	0.00	0.00	0.00	0.00	0.00	0.00	0.00	0.00	0.00	0.00	621.64	6	2	2020					
0.00	0.00	0.00	0.00	0.00	0.00	0.00	0.00	0.00	0.00	0.00	0.00	0.00	0.00	6	3	2020					
0.00	0.00	0.00	0.00	0.00	0.00	0.00	0.00	0.00	0.00	0.00	0.00	0.00	0.00	6	4	2020					
0.00	0.00	0.00	0.00	0.00	0.00	0.00	0.00	0.00	0.00	0.00	0.00	0.00	0.00	6	5	2020					
0.00	0.00	0.00	0.00	0.00	0.00	0.00	0.00	0.00	0.00	0.00	0.00	0.00	110.79	6	6	2020					
0.00	0.00	0.00	0.00	0.00	0.00	0.00	0.00	0.00	0.00	0.00	0.00	0.00	0.00	6	7	2020					
0.00	0.00	0.00	0.00	0.00	0.00	0.00	0.00	0.00	0.00	0.00	0.00	0.00	0.00	6	8	2020					
0.00	0.00	0.00	0.00	0.00	0.00	0.00	0.00	0.00	0.00	0.00	0.00	0.00	0.00	6	9	2020					
0.00	0.00	0.00	0.00	0.00	0.00	0.00	0.00	0.00	0.00	0.00	0.00	0.00	0.00	6	10	2020					
0.00	0.00	0.00	0.00	0.00	0.00	0.00	0.00	0.00	0.00	0.00	0.00	0.00	0.00	6	11	2020					
																					
0.00	0.00	0.00	0.00	0.00	0.00	0.00	0.00	0.00	0.00	0.00	0.00	0.00	0.00	7	1	2020					
0.00	0.00	0.02	0.00	0.00	0.00	0.00	0.00	0.00	0.00	0.00	0.00	0.00	2296.20	7	2	2020					
0.00	0.00	0.00	0.00	0.00	0.00	0.00	0.00	0.00	0.00	0.00	0.00	0.00	0.00	7	3	2020					
0.00	0.00	0.00	0.00	0.00	0.00	0.00	0.00	0.00	0.00	0.00	0.00	0.00	0.00	7	4	2020					
0.00	0.00	0.47	0.00	0.00	0.00	0.00	0.00	0.00	0.00	0.00	0.00	0.00	264.28	7	5	2020					
0.00	0.00	0.00	0.00	0.00	0.00	0.00	0.00	0.00	0.00	0.00	0.00	0.00	0.00	7	6	2020					
0.00	0.00	0.00	0.00	0.00	0.00	0.00	0.00	0.00	0.00	0.00	0.00	0.00	0.00	7	7	2020					
0.00	0.00	0.00	0.00	0.00	0.00	0.00	0.00	0.00	0.00	0.00	0.00	0.00	0.00	7	8	2020					
0.00	0.00	0.05	0.00	0.00	0.00	0.00	0.00	0.00	0.00	0.00	0.00	0.00	0.00	7	9	2020					
0.00	0.00	0.00	0.00	0.00	0.00	0.00	0.00	0.00	0.00	0.00	0.00	0.00	0.00	7	10	2020					
0.00	1.77	0.00	0.00	0.00	0.00	0.00	0.00	0.00	0.00	2.71	0.00	0.00	115.88	7	11	2020					
																					
0.00	0.00	0.00	0.00	0.00	0.00	0.00	0.00	0.00	0.00	0.00	0.00	0.00	0.00	8	1	2020					
0.00	0.00	0.00	0.00	0.00	0.00	0.00	0.00	0.00	0.00	0.00	0.00	0.00	1237.90	8	2	2020					
0.00	0.00	0.00	0.00	0.00	0.00	0.00	0.00	0.00	0.00	0.00	0.00	0.00	0.00	8	3	2020					
0.00	0.00	0.00	0.00	0.00	0.00	0.00	0.00	0.00	0.00	0.00	0.00	0.00	0.00	8	4	2020					
0.00	0.00	0.00	0.00	0.00	0.00	0.00	0.00	0.00	0.00	0.00	0.00	0.00	0.00	8	5	2020					
0.00	42.21	0.00	0.00	0.00	0.00	0.00	0.00	0.00	0.00	0.00	0.00	0.00	206.91	8	6	2020					
0.00	0.10	0.04	0.00	0.00	0.00	0.00	0.00	0.00	44.59	0.00	0.00	0.00	0.00	8	7	2020					
0.00	0.00	0.00	0.00	0.00	0.00	0.00	0.00	0.00	0.00	0.00	0.00	0.00	0.00	8	8	2020					
0.00	0.00	0.00	0.00	0.00	0.00	0.00	0.00	0.00	0.00	0.00	0.00	0.00	0.00	8	9	2020					
0.00	0.00	0.00	0.00	0.00	0.00	0.00	0.00	0.00	0.00	0.00	0.00	0.00	0.00	8	10	2020					
0.00	0.00	0.00	0.00	0.00	0.00	0.00	0.00	0.00	0.00	49.66	0.00	0.00	0.00	8	11	2020					
																					
0.00	0.00	0.00	0.00	0.00	0.00	0.00	0.00	0.00	0.00	0.00	0.00	0.00	123.17	9	1	2020					
0.00	58.31	0.40	0.00	0.00	148.56	0.00	0.00	0.00	0.00	0.00	5.44	0.00	3811.58	9	2	2020					
0.00	0.00	0.00	0.00	0.00	0.00	0.00	0.00	0.00	0.00	0.00	0.00	0.00	0.00	9	3	2020					
0.00	0.00	0.00	0.00	0.00	0.00	0.00	0.00	0.00	0.00	0.00	0.00	0.00	0.00	9	4	2020					
0.00	58.15	0.04	0.00	0.00	0.00	0.00	0.00	0.00	0.00	0.00	0.00	0.00	468.94	9	5	2020					
0.00	0.00	0.00	0.00	0.00	0.00	0.00	0.00	0.00	0.00	0.00	0.00	0.00	0.00	9	6	2020					
0.00	73.94	0.97	0.00	0.00	248.66	0.00	0.00	0.00	132.88	0.00	0.00	0.00	461.74	9	7	2020					
0.00	0.00	0.00	0.00	0.00	0.00	0.00	0.00	0.00	0.00	0.00	0.00	0.00	0.00	9	8	2020					
0.00	7.48	0.47	0.00	0.00	0.00	0.00	0.00	0.00	0.00	0.00	0.00	0.00	55.46	9	9	2020					
0.00	0.00	0.00	0.00	0.00	0.00	0.00	0.00	0.00	0.00	0.00	0.00	0.00	0.00	9	10	2020					
0.00	157.65	20.33	0.00	0.00	0.00	0.00	0.00	0.00	0.00	574.75	0.00	0.00	153.86	9	11	2020					
																					
																					
0.00	47.34	0.00	0.00	0.00	0.00	0.00	0.00	0.00	0.00	0.00	0.00	0.00	36.60	1	1	2021					
0.00	69.37	11.65	36.18	0.00	0.00	0.00	0.00	5.60	141.90	0.00	0.80	0.00	1100.23	1	2	2021					
0.00	0.00	0.00	0.00	0.00	0.00	0.00	0.00	0.00	0.00	0.00	0.00	0.00	0.00	1	3	2021					
0.00	0.00	0.00	0.00	0.00	0.00	0.00	0.00	0.00	0.00	0.00	0.00	0.00	0.00	1	4	2021					
0.00	96.77	5.49	6.69	0.00	0.00	0.00	0.00	0.00	0.00	0.00	0.00	0.00	1674.78	1	5	2021					
0.00	0.00	0.00	0.00	0.00	0.00	0.00	0.00	0.00	0.00	0.00	0.00	0.00	0.00	1	6	2021					
0.00	0.00	0.00	0.00	0.00	0.00	0.00	0.00	0.00	0.00	0.00	0.00	0.00	0.00	1	7	2021					
0.00	0.00	0.00	0.00	0.00	0.00	0.00	0.00	0.00	0.00	0.00	0.00	0.00	0.00	1	8	2021					
0.00	0.00	0.00	0.00	0.00	0.00	0.00	0.00	0.00	0.00	0.00	0.00	0.00	0.00	1	9	2021					
0.00	0.00	0.00	0.00	0.00	0.00	0.00	0.00	0.00	0.00	0.00	0.00	0.00	0.00	1	10	2021					
0.00	0.00	20.66	0.00	0.00	0.00	0.00	0.00	0.00	0.00	19.63	0.00	0.00	21.05	1	11	2021					
																					
0.00	70.18	0.00	0.00	0.00	0.00	0.00	0.00	0.00	0.00	0.00	0.00	0.00	0.00	2	1	2021					
0.00	235.32	7.48	0.00	0.00	0.00	0.00	0.00	0.00	0.00	27.13	0.00	0.00	1555.67	2	2	2021					
0.00	0.00	0.00	0.00	0.00	0.00	0.00	0.00	0.00	0.00	0.00	0.00	0.00	0.00	2	3	2021					
0.00	0.00	0.00	0.00	0.00	0.00	0.00	0.00	0.00	0.00	0.00	0.00	0.00	0.00	2	4	2021					
0.00	52.96	8.77	0.00	0.00	0.00	0.00	0.00	0.00	0.00	0.00	0.00	0.00	686.82	2	5	2021					
0.00	0.00	0.15	0.00	0.00	0.00	0.00	0.00	0.00	0.00	0.00	0.00	0.00	0.00	2	6	2021					
0.00	5.19	0.02	0.00	0.00	0.00	0.00	0.00	0.00	0.00	0.00	0.00	0.00	0.00	2	7	2021					
0.00	0.00	0.00	0.00	0.00	0.00	0.00	0.00	0.00	0.00	0.00	0.00	0.00	0.00	2	8	2021					
0.00	136.19	0.00	0.00	0.00	0.00	0.00	0.00	0.00	0.00	0.00	0.00	0.00	189.83	2	9	2021					
0.00	0.00	0.00	0.00	0.00	0.00	0.00	0.00	0.00	0.00	0.00	0.00	0.00	0.00	2	10	2021					
0.00	17.31	9.91	0.00	0.00	0.00	0.00	0.00	0.00	0.00	0.00	0.00	0.00	167.04	2	11	2021					
																					
0.00	0.00	0.00	0.00	0.00	0.00	0.00	0.00	0.00	0.00	0.00	0.00	0.00	0.00	3	1	2021					
0.00	100.73	11.77	0.00	0.00	136.30	0.00	0.00	0.00	5.42	0.00	0.00	0.00	4418.21	3	2	2021					
0.00	0.00	0.00	0.00	0.00	0.00	0.00	0.00	0.00	0.00	0.00	0.00	0.00	0.00	3	3	2021					
0.00	0.00	0.00	0.00	0.00	0.00	0.00	0.00	0.00	0.00	0.00	0.00	0.00	0.00	3	4	2021					
0.00	0.20	0.27	0.00	0.00	0.00	0.00	0.00	0.00	0.00	0.00	0.00	0.00	132.88	3	5	2021					
0.00	0.00	0.00	0.00	0.00	0.00	0.00	0.00	0.00	0.00	0.00	0.00	0.00	0.00	3	6	2021					
0.00	0.00	1.39	0.00	0.00	0.00	0.00	0.00	0.00	0.00	0.00	0.00	0.00	383.19	3	7	2021					
0.00	0.00	0.00	0.00	0.00	0.00	0.00	0.00	0.00	0.00	0.00	0.00	0.00	0.00	3	8	2021					
0.00	0.00	0.00	0.00	0.00	0.00	0.00	0.00	0.00	0.00	0.00	0.00	0.00	0.00	3	9	2021					
0.00	0.00	0.00	0.00	0.00	0.00	0.00	0.00	0.00	0.00	0.00	0.00	0.00	0.00	3	10	2021					
0.00	17.61	1.59	0.00	0.00	0.00	0.00	0.00	0.00	0.00	2.80	0.00	0.00	207.10	3	11	2021					
																					
0.00	0.00	0.00	0.00	0.00	0.00	0.00	0.00	0.00	0.00	0.00	0.00	0.00	0.00	4	1	2021					
0.00	1.14	2.58	13.15	0.00	198.79	0.00	0.00	141.00	3.03	0.00	0.00	0.00	717.25	4	2	2021					
0.00	0.00	0.00	0.00	0.00	0.00	0.00	0.00	0.00	0.00	0.00	0.00	0.00	0.00	4	3	2021					
0.00	0.00	0.00	0.00	0.00	0.00	0.00	0.00	0.00	0.00	0.00	0.00	0.00	0.00	4	4	2021					
0.00	0.12	3.84	0.00	0.00	0.00	0.00	0.00	0.00	0.00	0.00	64.74	0.00	360.93	4	5	2021					
0.00	0.00	0.00	0.00	0.00	0.00	0.00	0.00	0.00	0.00	0.00	0.00	0.00	0.00	4	6	2021					
0.00	0.00	3.34	0.00	0.00	0.00	0.00	0.00	0.00	0.00	0.00	0.00	0.00	47.62	4	7	2021					
0.00	0.00	0.00	0.00	0.00	0.00	0.00	0.00	0.00	0.00	0.00	0.00	0.00	0.00	4	8	2021					
0.00	0.00	0.02	0.00	0.00	0.00	0.00	0.00	0.00	0.00	0.00	0.00	0.00	0.00	4	9	2021					
0.00	0.00	0.00	0.00	0.00	0.00	0.00	0.00	0.00	0.00	0.00	0.00	0.00	0.00	4	10	2021					
0.00	9.40	0.02	0.00	0.00	30.80	0.00	0.00	345.72	0.00	0.00	0.00	0.00	3.84	4	11	2021					
																					
0.00	0.00	165.28	0.00	0.00	0.00	0.00	0.00	0.00	422.50	7.10	0.00	0.00	0.00	5	1	2021					
0.00	0.06	0.47	0.00	0.00	98.89	0.00	0.00	0.00	0.00	0.00	0.00	0.00	592.73	5	2	2021					
0.00	0.00	0.00	0.00	0.00	0.00	0.00	0.00	0.00	0.00	0.00	0.00	0.00	0.00	5	3	2021					
0.00	0.00	0.00	0.00	0.00	0.00	0.00	0.00	0.00	0.00	0.00	0.00	0.00	0.00	5	4	2021					
0.00	130.96	0.23	0.00	0.00	0.00	0.00	0.00	0.00	0.00	0.00	0.00	0.00	486.73	5	5	2021					
0.00	0.00	0.00	0.00	0.00	0.00	0.00	0.00	0.00	0.00	0.00	0.00	0.00	0.00	5	6	2021					
0.00	3.32	4.43	0.00	0.00	0.00	0.00	0.00	0.00	186.89	0.00	0.00	0.00	530.39	5	7	2021					
0.00	0.00	0.00	0.00	0.00	0.00	0.00	0.00	0.00	0.00	0.00	0.00	0.00	0.00	5	8	2021					
0.00	0.00	0.53	0.00	0.00	0.00	0.00	0.00	0.00	0.00	0.00	0.00	0.00	0.00	5	9	2021					
0.00	0.00	0.00	0.00	0.00	0.00	0.00	0.00	0.00	0.00	0.00	0.00	0.00	0.00	5	10	2021					
0.00	21.49	1.82	0.00	0.00	0.00	0.00	0.00	28.91	0.00	47.74	0.00	0.00	193.01	5	11	2021					
																					
0.00	0.00	0.00	0.00	0.00	0.00	0.00	0.00	0.00	0.00	0.00	0.00	0.00	0.00	6	1	2021					
0.00	0.00	0.00	0.00	0.00	0.00	0.00	0.00	0.00	0.00	0.00	0.00	0.00	561.09	6	2	2021					
0.00	0.00	0.00	0.00	0.00	0.00	0.00	0.00	0.00	0.00	0.00	0.00	0.00	0.00	6	3	2021					
0.00	0.00	0.00	0.00	0.00	0.00	0.00	0.00	0.00	0.00	0.00	0.00	0.00	0.00	6	4	2021					
0.00	0.00	0.00	0.00	0.00	0.00	0.00	0.00	0.00	0.00	0.00	0.00	0.00	0.00	6	5	2021					
0.00	0.00	0.00	0.00	0.00	0.00	0.00	0.00	0.00	0.00	0.00	0.00	0.00	109.14	6	6	2021					
0.00	0.00	0.00	0.00	0.00	0.00	0.00	0.00	0.00	0.00	0.00	0.00	0.00	0.00	6	7	2021					
0.00	0.00	0.00	0.00	0.00	0.00	0.00	0.00	0.00	0.00	0.00	0.00	0.00	0.00	6	8	2021					
0.00	0.00	0.00	0.00	0.00	0.00	0.00	0.00	0.00	0.00	0.00	0.00	0.00	0.00	6	9	2021					
0.00	0.00	0.00	0.00	0.00	0.00	0.00	0.00	0.00	0.00	0.00	0.00	0.00	0.00	6	10	2021					
0.00	0.00	0.00	0.00	0.00	0.00	0.00	0.00	0.00	0.00	0.00	0.00	0.00	0.00	6	11	2021					
																					
0.00	0.00	0.00	0.00	0.00	0.00	0.00	0.00	0.00	0.00	0.00	0.00	0.00	0.00	7	1	2021					
0.00	0.00	0.01	0.00	0.00	0.00	0.00	0.00	0.00	0.00	0.00	0.00	0.00	2235.32	7	2	2021					
0.00	0.00	0.00	0.00	0.00	0.00	0.00	0.00	0.00	0.00	0.00	0.00	0.00	0.00	7	3	2021					
0.00	0.00	0.00	0.00	0.00	0.00	0.00	0.00	0.00	0.00	0.00	0.00	0.00	0.00	7	4	2021					
0.00	0.00	0.02	0.00	0.00	0.00	0.00	0.00	0.00	0.00	0.00	0.00	0.00	382.88	7	5	2021					
0.00	0.00	0.00	0.00	0.00	0.00	0.00	0.00	0.00	0.00	0.00	0.00	0.00	0.00	7	6	2021					
0.00	0.00	0.00	0.00	0.00	0.00	0.00	0.00	0.00	0.00	0.00	0.00	0.00	0.00	7	7	2021					
0.00	0.00	0.00	0.00	0.00	0.00	0.00	0.00	0.00	0.00	0.00	0.00	0.00	0.00	7	8	2021					
0.00	40.79	1.28	0.00	0.00	0.00	0.00	0.00	0.00	0.00	0.00	0.00	0.00	0.00	7	9	2021					
0.00	0.00	0.00	0.00	0.00	0.00	0.00	0.00	0.00	0.00	0.00	0.00	0.00	0.00	7	10	2021					
0.00	1.14	0.00	0.00	0.00	0.00	0.00	0.00	0.00	0.00	2.62	0.00	0.00	127.52	7	11	2021					
																					
0.00	0.00	0.00	0.00	0.00	0.00	0.00	0.00	0.00	0.00	0.00	0.00	0.00	0.00	8	1	2021					
0.00	0.00	0.43	0.00	0.00	0.00	0.00	0.00	0.00	0.00	0.00	0.00	0.00	1245.23	8	2	2021					
0.00	0.00	0.00	0.00	0.00	0.00	0.00	0.00	0.00	0.00	0.00	0.00	0.00	0.00	8	3	2021					
0.00	0.00	0.00	0.00	0.00	0.00	0.00	0.00	0.00	0.00	0.00	0.00	0.00	0.00	8	4	2021					
0.00	0.00	0.00	0.00	0.00	0.00	0.00	0.00	0.00	0.00	0.00	0.00	0.00	0.00	8	5	2021					
0.00	18.61	0.00	0.00	0.00	0.00	0.00	0.00	0.00	0.00	0.00	0.00	0.00	211.54	8	6	2021					
0.00	0.08	0.05	0.00	0.00	0.00	0.00	0.00	0.00	49.37	0.00	0.00	0.00	0.00	8	7	2021					
0.00	0.00	0.00	0.00	0.00	0.00	0.00	0.00	0.00	0.00	0.00	0.00	0.00	0.00	8	8	2021					
0.00	0.00	0.00	0.00	0.00	0.00	0.00	0.00	0.00	0.00	0.00	0.00	0.00	0.00	8	9	2021					
0.00	0.00	0.00	0.00	0.00	0.00	0.00	0.00	0.00	0.00	0.00	0.00	0.00	0.00	8	10	2021					
0.00	0.00	0.00	0.00	0.00	0.00	0.00	0.00	0.00	0.00	47.74	0.00	0.00	0.00	8	11	2021					
																					
0.00	0.00	0.00	0.00	0.00	0.00	0.00	0.00	0.00	0.00	0.00	0.00	0.00	128.20	9	1	2021					
0.00	39.20	0.54	0.00	0.00	240.95	0.00	0.00	0.00	0.00	0.00	1.91	0.00	3808.65	9	2	2021					
0.00	0.00	0.00	0.00	0.00	0.00	0.00	0.00	0.00	0.00	0.00	0.00	0.00	0.00	9	3	2021					
0.00	0.00	0.00	0.00	0.00	0.00	0.00	0.00	0.00	0.00	0.00	0.00	0.00	0.00	9	4	2021					
0.00	49.02	0.04	0.00	0.00	0.00	0.00	0.00	0.00	0.00	0.00	0.00	0.00	426.45	9	5	2021					
0.00	0.00	0.00	0.00	0.00	0.00	0.00	0.00	0.00	0.00	0.00	0.00	0.00	0.00	9	6	2021					
0.00	51.45	1.20	0.00	0.00	251.33	0.00	0.00	0.00	129.90	0.00	0.00	0.00	457.14	9	7	2021					
0.00	0.00	0.00	0.00	0.00	0.00	0.00	0.00	0.00	0.00	0.00	0.00	0.00	0.00	9	8	2021					
0.00	11.52	0.53	0.00	0.00	0.00	0.00	0.00	0.00	0.00	0.00	0.00	0.00	0.00	9	9	2021					
0.00	0.00	0.00	0.00	0.00	0.00	0.00	0.00	0.00	0.00	0.00	0.00	0.00	0.00	9	10	2021					
0.00	174.37	11.29	0.00	0.00	0.00	0.00	0.00	0.00	0.00	606.34	0.00	0.00	115.98	9	11	2021