FILE NAME:      KFLSPC

DATE MODIFIED:  February 22, 2024


USED BY:        COMFloorspace subroutine of the National Energy Modeling System
                (NEMS) Commercial Demand Module (CDM)

DEFINITION:     2018 CBECS floorspace

                Existing 2018 commercial floorspace

UNITS:          million sqft

DIMENSION:      Building type, Census division, floorspace vintage cohort group (see KVINT)

SPECIAL CONSTRAINTS:    None

ORGANIZATION OF DATA:

                Data starts on row 101 of this file as per CDM convention.

                Each block of lines corresponds to a building type, in the following
                order:  Assembly, Education, Food Sales, Food Service, Health Care,
                Lodging, Large Office, Small Office, Merc/Service, Warehouse, and Other.

                Each row corresponds to a floorspace vintage cohort group.

                Each column corresponds to a Census division, in the following order:
                New England, Middle Atlantic, East North Central, West North Central,
                South Atlantic, East South Central, West South Central, Mountain, and
                Pacific.

SOURCES:

                U.S. Department of Energy, Energy Information Administration, 2018 Commercial
                  Buildings Energy Consumption Survey, Public Use Data, available December 2022 at
                  http://www.eia.gov/consumption/commercial/data/2018/index.cfm?view=microdata



























































NE	MA	ENC	WNC	SA	ESC	WSC	MTN	PAC
CD1	CD2	CD3	CD4	CD5	CD6	CD7	CD8	CD9
								
86.02	135.78	204.21	58.11	251.60	64.56	64.39	32.44	72.16
9.83	146.90	147.77	135.20	166.43	9.79	119.62	45.39	79.70
11.35	72.72	123.54	44.30	300.97	102.22	55.70	60.59	264.76
93.71	300.34	268.61	74.35	241.63	81.83	135.11	22.49	268.13
81.04	126.58	339.18	185.33	285.36	75.12	148.91	162.67	236.86
31.51	114.35	193.12	220.14	294.52	54.25	89.17	31.09	99.02
100.93	142.15	521.29	80.24	469.03	116.43	286.33	222.13	110.57
62.88	132.87	307.40	115.93	577.28	114.70	332.11	248.39	83.83
1.56	28.37	110.91	2.32	210.77	105.38	116.15	17.08	128.59
20.54	0.00	125.63	73.33	103.74	67.88	138.59	80.42	101.83
								
82.81	140.61	60.97	32.97	13.23	18.97	65.86	0.00	13.28
24.59	253.46	343.67	62.29	69.86	25.64	80.42	5.06	78.12
88.86	360.23	279.64	357.77	326.18	124.41	169.63	177.54	110.44
31.43	303.77	473.82	162.55	321.98	196.33	150.92	102.05	262.54
64.60	274.86	427.26	197.96	143.05	180.25	99.20	99.25	95.87
7.80	62.83	95.69	165.45	279.08	18.02	268.71	186.36	165.49
85.84	183.34	304.82	157.79	507.19	147.59	350.67	125.22	284.73
167.58	201.12	339.30	93.03	488.77	52.32	237.46	96.96	162.03
22.85	100.62	95.59	86.37	127.84	53.37	235.27	60.83	35.60
45.24	46.25	20.63	86.40	68.86	5.06	144.73	41.26	171.57
								
0.00	0.00	13.86	0.00	0.00	0.00	0.00	0.00	0.00
22.28	0.00	12.87	0.00	0.00	0.00	2.56	0.00	16.91
0.00	0.00	5.87	0.00	13.21	0.00	17.35	0.00	0.00
0.00	7.03	18.94	0.00	0.00	12.66	5.85	14.09	20.35
0.00	0.00	80.65	0.00	12.49	12.41	7.48	0.00	18.55
0.00	0.00	10.29	19.05	26.64	8.28	13.68	17.65	0.00
0.00	11.73	58.28	3.05	0.00	0.00	0.00	57.93	0.00
0.00	24.68	46.63	73.27	8.43	4.79	39.17	0.00	22.21
62.47	0.00	13.55	0.00	23.74	0.00	6.28	6.25	16.69
0.00	11.53	19.98	27.21	0.00	0.00	33.95	0.00	22.67
								
8.84	15.65	29.06	11.53	34.91	0.00	6.90	17.76	6.91
4.30	23.09	22.62	13.22	6.41	8.77	0.00	13.25	30.85
2.87	6.26	10.75	3.05	11.90	0.00	10.98	7.34	6.77
2.21	3.65	45.72	0.00	55.14	5.87	16.43	4.57	4.85
18.55	0.00	16.26	0.00	8.38	8.28	56.91	15.50	16.08
9.20	1.43	12.15	0.00	13.24	10.05	1.83	73.27	5.72
12.28	19.81	25.44	7.83	33.67	30.64	2.56	10.35	70.20
0.00	4.96	25.11	22.07	55.64	12.18	31.63	42.87	37.65
2.51	0.00	24.23	0.00	3.05	12.73	40.53	11.21	0.00
0.00	2.31	4.87	5.50	38.46	20.10	25.82	13.97	15.03
								
0.00	2.87	6.86	0.00	0.00	0.00	0.00	0.00	0.00
3.53	20.29	45.60	8.78	2.40	0.00	0.00	15.18	59.66
0.00	41.78	11.18	25.36	19.85	6.56	24.31	7.08	21.85
21.93	34.57	50.20	16.58	117.95	23.18	38.35	0.00	42.87
21.72	71.26	118.94	18.95	80.59	17.45	22.92	16.58	50.73
26.89	32.50	51.26	5.00	46.19	7.76	27.08	32.66	14.24
13.12	21.11	30.20	0.00	25.07	18.10	35.38	13.51	10.85
3.23	9.04	182.22	40.48	25.65	17.66	34.56	46.28	55.55
0.00	17.10	0.00	14.81	35.15	4.96	13.29	33.87	71.84
0.00	13.35	73.44	8.79	27.04	18.29	35.50	9.41	2.86
								
29.87	14.66	21.49	0.00	0.00	20.99	0.00	12.68	2.51
0.00	131.18	14.64	0.00	26.98	1.34	0.00	0.79	56.06
0.00	6.98	66.26	22.63	118.76	0.00	33.94	0.00	107.77
101.89	88.24	49.99	23.14	182.50	36.28	250.58	43.39	96.24
4.37	161.38	149.75	49.77	148.86	17.98	32.02	30.38	123.03
45.15	161.11	132.25	108.00	278.68	5.27	100.31	366.16	153.86
29.69	93.09	137.00	133.69	191.18	96.01	57.57	63.19	80.85
99.35	41.99	112.66	140.72	179.59	60.08	91.67	76.91	63.15
0.00	88.38	258.30	52.61	129.62	46.51	101.14	3.03	106.60
11.83	98.74	127.27	58.11	46.05	42.35	97.07	99.62	110.33
								
37.52	155.86	80.37	12.87	63.54	1.40	3.29	28.89	1.74
22.14	383.88	271.63	23.03	230.44	0.00	5.23	50.84	143.58
0.00	133.92	28.06	67.70	80.88	3.85	9.30	0.00	14.66
40.70	221.03	50.49	52.77	130.53	30.70	45.32	66.17	127.23
20.54	369.52	207.55	130.02	219.31	81.11	250.84	53.13	36.14
113.10	257.39	426.55	204.69	468.15	47.07	324.89	164.79	416.94
35.51	245.75	267.55	83.15	474.19	57.83	89.10	113.28	228.92
8.71	145.72	110.17	88.17	385.58	57.98	112.36	55.74	125.65
35.16	84.87	98.49	11.01	195.32	10.80	41.32	111.09	168.70
10.40	57.85	50.58	35.63	66.72	7.34	119.42	243.03	150.27
								
66.11	218.16	157.03	47.10	91.63	11.15	35.88	139.61	6.46
33.07	76.01	257.81	16.01	66.57	16.17	101.57	6.81	19.16
9.26	109.78	64.65	3.05	25.25	18.31	35.38	10.90	21.38
14.67	16.57	246.46	52.49	58.47	42.88	21.09	61.23	104.02
15.32	127.69	197.75	120.66	88.34	91.64	181.26	125.85	113.01
64.09	135.48	82.47	135.44	245.99	122.86	119.74	52.36	319.40
12.84	134.94	189.85	85.75	210.04	29.83	183.22	118.83	181.14
10.18	99.03	202.76	285.86	261.46	0.00	103.85	119.82	80.18
15.36	20.75	33.42	0.00	80.81	34.16	107.30	34.01	55.85
0.00	37.83	42.74	53.91	37.57	4.50	142.82	44.53	67.57
								
22.42	43.36	87.76	15.25	2.31	0.00	0.00	0.00	34.01
71.88	70.64	85.79	42.47	40.84	49.09	94.37	56.87	95.38
81.57	222.17	92.09	164.44	155.00	64.75	130.66	107.44	43.23
73.34	329.17	567.12	176.14	310.84	226.44	287.82	74.71	106.02
76.18	154.20	462.71	404.22	508.14	42.83	269.98	275.61	188.55
168.89	241.97	412.12	159.61	382.90	128.28	342.59	116.69	278.71
84.41	454.80	390.27	288.72	458.34	103.30	298.44	295.53	419.26
60.81	229.30	505.50	238.56	549.14	306.19	477.97	378.15	334.58
13.79	24.72	250.20	242.16	161.71	37.83	183.83	62.79	126.03
24.08	228.93	219.28	67.32	374.09	57.82	132.80	218.23	171.73
								
6.99	119.72	107.36	0.00	0.00	8.97	0.00	0.00	14.86
28.76	145.45	50.33	58.48	19.84	21.61	25.76	27.31	53.44
20.42	318.49	184.89	40.60	196.48	122.71	104.87	8.90	210.23
13.11	230.93	268.94	126.99	309.35	73.19	60.97	53.15	214.85
101.13	322.68	488.95	193.14	437.74	131.57	290.19	233.98	615.49
63.30	269.47	137.15	153.73	565.09	176.40	436.68	117.04	430.53
112.50	89.98	590.93	473.77	819.81	141.98	515.94	220.26	580.06
57.19	171.15	596.38	263.85	260.51	340.45	223.34	173.26	383.65
53.95	20.54	354.46	0.00	204.59	59.90	210.39	111.14	88.50
11.95	269.12	687.51	76.94	240.21	193.49	216.97	120.93	368.82
								
20.06	81.21	155.15	11.25	30.97	0.00	0.00	26.02	3.03
38.28	63.10	124.75	85.77	36.35	19.63	21.88	2.78	35.91
1.25	54.39	111.82	6.42	107.05	1.41	40.31	71.58	9.23
12.77	118.36	82.64	14.46	180.00	26.53	85.32	6.80	73.63
27.60	214.02	100.81	10.25	178.51	90.40	36.82	17.12	112.34
116.24	85.67	38.59	126.55	164.09	33.66	184.70	95.77	120.95
45.28	22.85	105.75	183.91	198.35	37.00	123.97	63.09	67.81
108.45	74.49	134.30	26.26	147.07	48.46	65.23	30.58	41.33
0.00	70.31	93.07	21.37	93.31	2.63	57.60	22.44	72.78
0.00	43.60	7.38	0.00	46.45	10.14	21.96	5.03	0.00								


