        32.0      7.0  1  1990      0.0      0.0     62.1   2671.3     0.00
        32.0      7.0  1  1991      0.0      0.0     62.1   2671.3     0.00
        32.0      7.0  1  1992      0.0      0.0     62.1   2671.3     0.00
        32.0      7.0  1  1993      0.0      0.0     62.1   2671.3     0.00
        32.0      7.0  1  1994      0.0    420.9     62.1   2671.3     0.00
        32.0      7.0  1  1995      0.0      0.0     62.1   2671.3     0.00
        32.0      7.0  1  1996      0.0      0.0     62.1   2671.3     0.00
        32.0      7.0  1  1997      0.0      0.0     62.1   2671.3     0.00
        32.0      7.0  1  1998      0.0      0.0     62.1   2671.3     0.00
        32.0      7.0  1  1999   7147.8  14321.8     62.1   2671.3    50.23
        32.0      7.0  1  2000   6670.0  13844.0     62.1   2671.3    50.23
        32.0      7.0  1  2001   6175.3  13349.3     62.1   2671.3    50.23
        32.0      7.0  1  2002   5672.8  12846.8     62.1   2671.3    50.23
        32.0      7.0  1  2003   5162.4  12336.4     62.1   2671.3    50.23
        32.0      7.0  1  2004   4644.0  11818.0     62.1   2671.3    50.23
        32.0      7.0  1  2005   4117.3  11291.3     62.1   2671.3    50.23
        32.0      7.0  1  2006   3582.3  10756.3     62.1   2671.3    50.23
        32.0      7.0  1  2007   3038.9  10212.9     62.1   2671.3    50.23
        32.0      7.0  1  2008   2486.9   9660.9     62.1   2671.3    50.23
        32.0      7.0  1  2009   1926.1   9100.1     62.1   2671.3    50.23
        32.0      7.0  1  2010   1356.5   8530.5     62.1   2671.3    50.23
        32.0      7.0  1  2011    777.9   7951.9     62.1   2671.3    50.23
        32.0      7.0  1  2012    190.2   7364.2     62.1   2671.3    50.23
        32.0      7.0  1  2013      0.0   6767.1     62.1   2671.3     0.00
        32.0      7.0  1  2014      0.0   6160.7     62.1   2671.3     0.00
        32.0      7.0  1  2015      0.0   5544.6     62.1   2671.3     0.00
        32.0      7.0  1  2016      0.0   5544.6     62.1   2671.3     0.00
        32.0      7.0  1  2017      0.0   5544.6     62.1   2671.3     0.00
        32.0      7.0  1  2018      0.0   5544.6     62.1   2671.3     0.00
        32.0      7.0  1  2019      0.0   5544.6     62.1   2671.3     0.00
        32.0      7.0  1  2020      0.0   5544.6     62.1   2671.3     0.00
        32.0      7.0  1  2021      0.0   5544.6     62.1   2671.3     0.00
        32.0      7.0  1  2022      0.0   5544.6     62.1   2671.3     0.00
        32.0      7.0  1  2023      0.0   5544.6     62.1   2671.3     0.00
        32.0      7.0  1  2024      0.0   5544.6     62.1   2671.3     0.00
        32.0      7.0  1  2025      0.0   5544.6     62.1   2671.3     0.00
        32.0      7.0  1  2026      0.0   5544.6     62.1   2671.3     0.00
        32.0      7.0  1  2027      0.0   5544.6     62.1   2671.3     0.00
        32.0      7.0  1  2028      0.0   5544.6     62.1   2671.3     0.00
        32.0      7.0  1  2029      0.0   5544.6     62.1   2671.3     0.00
        32.0      7.0  1  2030      0.0   5544.6     62.1   2671.3     0.00
        32.0      7.0  1  2031      0.0   5544.6     62.1   2671.3     0.00
        32.0      7.0  1  2032      0.0   5544.6     62.1   2671.3     0.00
        32.0      7.0  1  2033      0.0   5544.6     62.1   2671.3     0.00
        32.0      7.0  1  2034      0.0   5544.6     62.1   2671.3     0.00
        32.0      7.0  1  2035      0.0   5544.6     62.1   2671.3     0.00
        32.0      7.0  1  2036      0.0   5544.6     62.1   2671.3     0.00
        32.0      7.0  1  2037      0.0   5544.6     62.1   2671.3     0.00
        32.0      7.0  1  2038      0.0   5544.6     62.1   2671.3     0.00
        32.0      7.0  1  2039      0.0   5544.6     62.1   2671.3     0.00
        32.0      7.0  1  2040      0.0   5544.6     62.1   2671.3     0.00
        32.0      7.0  1  2041      0.0   5544.6     62.1   2671.3     0.00
        32.0      7.0  1  2042      0.0   5544.6     62.1   2671.3     0.00
        32.0      7.0  1  2043      0.0   5544.6     62.1   2671.3     0.00
        32.0      7.0  1  2044      0.0   5544.6     62.1   2671.3     0.00
        32.0      7.0  1  2045      0.0   5544.6     62.1   2671.3     0.00
        32.0      7.0  1  2046      0.0   5544.6     62.1   2671.3     0.00
        32.0      7.0  1  2047      0.0   5544.6     62.1   2671.3     0.00
        32.0      7.0  1  2048      0.0   5544.6     62.1   2671.3     0.00
        32.0      7.0  1  2049      0.0   5544.6     62.1   2671.3     0.00
        32.0      7.0  1  2050      0.0   5544.6     62.1   2671.3     0.00
        32.0      7.0  2  1990      0.0      0.0     75.9   4397.7     0.00
        32.0      7.0  2  1991      0.0      0.0     75.9   4397.7     0.00
        32.0      7.0  2  1992      0.0      0.0     75.9   4397.7     0.00
        32.0      7.0  2  1993      0.0      0.0     75.9   4397.7     0.00
        32.0      7.0  2  1994      0.0      0.0     75.9   4397.7     0.00
        32.0      7.0  2  1995      0.0      0.0     75.9   4397.7     0.00
        32.0      7.0  2  1996      0.0      0.0     75.9   4397.7     0.00
        32.0      7.0  2  1997      0.0      0.0     75.9   4397.7     0.00
        32.0      7.0  2  1998      0.0      0.0     75.9   4397.7     0.00
        32.0      7.0  2  1999  13358.0  18332.0     75.9   4397.7    67.64
        32.0      7.0  2  2000  13358.0  18332.0     75.9   4397.7    67.64
        32.0      7.0  2  2001  13358.0  18332.0     75.9   4397.7    67.64
        32.0      7.0  2  2002  13358.0  18332.0     75.9   4397.7    67.64
        32.0      7.0  2  2003  13358.0  18332.0     75.9   4397.7    67.64
        32.0      7.0  2  2004  13358.0  18332.0     75.9   4397.7    67.64
        32.0      7.0  2  2005  13358.0  18332.0     75.9   4397.7    67.64
        32.0      7.0  2  2006  13358.0  18332.0     75.9   4397.7    67.64
        32.0      7.0  2  2007  13358.0  18332.0     75.9   4397.7    67.64
        32.0      7.0  2  2008  13358.0  18332.0     75.9   4397.7    67.64
        32.0      7.0  2  2009  13358.0  18332.0     75.9   4397.7    67.64
        32.0      7.0  2  2010  13358.0  18332.0     75.9   4397.7    67.64
        32.0      7.0  2  2011  13358.0  18332.0     75.9   4397.7    67.64
        32.0      7.0  2  2012  13358.0  18332.0     75.9   4397.7    67.64
        32.0      7.0  2  2013  12951.1  17925.1     75.9   4397.7    67.64
        32.0      7.0  2  2014  12344.7  17318.7     75.9   4397.7    67.64
        32.0      7.0  2  2015  11728.6  16702.6     75.9   4397.7    67.64
        32.0      7.0  2  2016  11728.6  16702.6     75.9   4397.7    67.64
        32.0      7.0  2  2017  11728.6  16702.6     75.9   4397.7    67.64
        32.0      7.0  2  2018  11728.6  16702.6     75.9   4397.7    67.64
        32.0      7.0  2  2019  11728.6  16702.6     75.9   4397.7    67.64
        32.0      7.0  2  2020  11728.6  16702.6     75.9   4397.7    67.64
        32.0      7.0  2  2021  11728.6  16702.6     75.9   4397.7    67.64
        32.0      7.0  2  2022  11728.6  16702.6     75.9   4397.7    67.64
        32.0      7.0  2  2023  11728.6  16702.6     75.9   4397.7    67.64
        32.0      7.0  2  2024  11728.6  16702.6     75.9   4397.7    67.64
        32.0      7.0  2  2025  11728.6  16702.6     75.9   4397.7    67.64
        32.0      7.0  2  2026  11728.6  16702.6     75.9   4397.7    67.64
        32.0      7.0  2  2027  11728.6  16702.6     75.9   4397.7    67.64
        32.0      7.0  2  2028  11728.6  16702.6     75.9   4397.7    67.64
        32.0      7.0  2  2029  11728.6  16702.6     75.9   4397.7    67.64
        32.0      7.0  2  2030  11728.6  16702.6     75.9   4397.7    67.64
        32.0      7.0  2  2031  11728.6  16702.6     75.9   4397.7    67.64
        32.0      7.0  2  2032  11728.6  16702.6     75.9   4397.7    67.64
        32.0      7.0  2  2033  11728.6  16702.6     75.9   4397.7    67.64
        32.0      7.0  2  2034  11728.6  16702.6     75.9   4397.7    67.64
        32.0      7.0  2  2035  11728.6  16702.6     75.9   4397.7    67.64
        32.0      7.0  2  2036  11728.6  16702.6     75.9   4397.7    67.64
        32.0      7.0  2  2037  11728.6  16702.6     75.9   4397.7    67.64
        32.0      7.0  2  2038  11728.6  16702.6     75.9   4397.7    67.64
        32.0      7.0  2  2039  11728.6  16702.6     75.9   4397.7    67.64
        32.0      7.0  2  2040  11728.6  16702.6     75.9   4397.7    67.64
        32.0      7.0  2  2041  11728.6  16702.6     75.9   4397.7    67.64
        32.0      7.0  2  2042  11728.6  16702.6     75.9   4397.7    67.64
        32.0      7.0  2  2043  11728.6  16702.6     75.9   4397.7    67.64
        32.0      7.0  2  2044  11728.6  16702.6     75.9   4397.7    67.64
        32.0      7.0  2  2045  11728.6  16702.6     75.9   4397.7    67.64
        32.0      7.0  2  2046  11728.6  16702.6     75.9   4397.7    67.64
        32.0      7.0  2  2047  11728.6  16702.6     75.9   4397.7    67.64
        32.0      7.0  2  2048  11728.6  16702.6     75.9   4397.7    67.64
        32.0      7.0  2  2049  11728.6  16702.6     75.9   4397.7    67.64
        32.0      7.0  2  2050  11728.6  16702.6     75.9   4397.7    67.64
        32.0      9.0  1  1990      0.0      0.0     62.1   3727.3     0.00
        32.0      9.0  1  1991      0.0      0.0     62.1   3727.3     0.00
        32.0      9.0  1  1992      0.0      0.0     62.1   3727.3     0.00
        32.0      9.0  1  1993      0.0      0.0     62.1   3727.3     0.00
        32.0      9.0  1  1994      0.0    420.9     62.1   3727.3     0.00
        32.0      9.0  1  1995      0.0      0.0     62.1   3727.3     0.00
        32.0      9.0  1  1996      0.0      0.0     62.1   3727.3     0.00
        32.0      9.0  1  1997      0.0      0.0     62.1   3727.3     0.00
        32.0      9.0  1  1998      0.0      0.0     62.1   3727.3     0.00
        32.0      9.0  1  1999   7147.8  14321.8     62.1   3727.3    70.09
        32.0      9.0  1  2000   6670.0  13844.0     62.1   3727.3    70.09
        32.0      9.0  1  2001   6175.3  13349.3     62.1   3727.3    70.09
        32.0      9.0  1  2002   5672.8  12846.8     62.1   3727.3    70.09
        32.0      9.0  1  2003   5162.4  12336.4     62.1   3727.3    70.09
        32.0      9.0  1  2004   4644.0  11818.0     62.1   3727.3    70.09
        32.0      9.0  1  2005   4117.3  11291.3     62.1   3727.3    70.09
        32.0      9.0  1  2006   3582.3  10756.3     62.1   3727.3    70.09
        32.0      9.0  1  2007   3038.9  10212.9     62.1   3727.3    70.09
        32.0      9.0  1  2008   2486.9   9660.9     62.1   3727.3    70.09
        32.0      9.0  1  2009   1926.1   9100.1     62.1   3727.3    70.09
        32.0      9.0  1  2010   1356.5   8530.5     62.1   3727.3    70.09
        32.0      9.0  1  2011    777.9   7951.9     62.1   3727.3    70.09
        32.0      9.0  1  2012    190.2   7364.2     62.1   3727.3    70.09
        32.0      9.0  1  2013      0.0   6767.1     62.1   3727.3     0.00
        32.0      9.0  1  2014      0.0   6160.7     62.1   3727.3     0.00
        32.0      9.0  1  2015      0.0   5544.6     62.1   3727.3     0.00
        32.0      9.0  1  2016      0.0   5544.6     62.1   3727.3     0.00
        32.0      9.0  1  2017      0.0   5544.6     62.1   3727.3     0.00
        32.0      9.0  1  2018      0.0   5544.6     62.1   3727.3     0.00
        32.0      9.0  1  2019      0.0   5544.6     62.1   3727.3     0.00
        32.0      9.0  1  2020      0.0   5544.6     62.1   3727.3     0.00
        32.0      9.0  1  2021      0.0   5544.6     62.1   3727.3     0.00
        32.0      9.0  1  2022      0.0   5544.6     62.1   3727.3     0.00
        32.0      9.0  1  2023      0.0   5544.6     62.1   3727.3     0.00
        32.0      9.0  1  2024      0.0   5544.6     62.1   3727.3     0.00
        32.0      9.0  1  2025      0.0   5544.6     62.1   3727.3     0.00
        32.0      9.0  1  2026      0.0   5544.6     62.1   3727.3     0.00
        32.0      9.0  1  2027      0.0   5544.6     62.1   3727.3     0.00
        32.0      9.0  1  2028      0.0   5544.6     62.1   3727.3     0.00
        32.0      9.0  1  2029      0.0   5544.6     62.1   3727.3     0.00
        32.0      9.0  1  2030      0.0   5544.6     62.1   3727.3     0.00
        32.0      9.0  1  2031      0.0   5544.6     62.1   3727.3     0.00
        32.0      9.0  1  2032      0.0   5544.6     62.1   3727.3     0.00
        32.0      9.0  1  2033      0.0   5544.6     62.1   3727.3     0.00
        32.0      9.0  1  2034      0.0   5544.6     62.1   3727.3     0.00
        32.0      9.0  1  2035      0.0   5544.6     62.1   3727.3     0.00
        32.0      9.0  1  2036      0.0   5544.6     62.1   3727.3     0.00
        32.0      9.0  1  2037      0.0   5544.6     62.1   3727.3     0.00
        32.0      9.0  1  2038      0.0   5544.6     62.1   3727.3     0.00
        32.0      9.0  1  2039      0.0   5544.6     62.1   3727.3     0.00
        32.0      9.0  1  2040      0.0   5544.6     62.1   3727.3     0.00
        32.0      9.0  1  2041      0.0   5544.6     62.1   3727.3     0.00
        32.0      9.0  1  2042      0.0   5544.6     62.1   3727.3     0.00
        32.0      9.0  1  2043      0.0   5544.6     62.1   3727.3     0.00
        32.0      9.0  1  2044      0.0   5544.6     62.1   3727.3     0.00
        32.0      9.0  1  2045      0.0   5544.6     62.1   3727.3     0.00
        32.0      9.0  1  2046      0.0   5544.6     62.1   3727.3     0.00
        32.0      9.0  1  2047      0.0   5544.6     62.1   3727.3     0.00
        32.0      9.0  1  2048      0.0   5544.6     62.1   3727.3     0.00
        32.0      9.0  1  2049      0.0   5544.6     62.1   3727.3     0.00
        32.0      9.0  1  2050      0.0   5544.6     62.1   3727.3     0.00
        32.0      9.0  2  1990      0.0      0.0     75.9   5453.4     0.00
        32.0      9.0  2  1991      0.0      0.0     75.9   5453.4     0.00
        32.0      9.0  2  1992      0.0      0.0     75.9   5453.4     0.00
        32.0      9.0  2  1993      0.0      0.0     75.9   5453.4     0.00
        32.0      9.0  2  1994      0.0      0.0     75.9   5453.4     0.00
        32.0      9.0  2  1995      0.0      0.0     75.9   5453.4     0.00
        32.0      9.0  2  1996      0.0      0.0     75.9   5453.4     0.00
        32.0      9.0  2  1997      0.0      0.0     75.9   5453.4     0.00
        32.0      9.0  2  1998      0.0      0.0     75.9   5453.4     0.00
        32.0      9.0  2  1999  13358.0  18332.0     75.9   5453.4    83.88
        32.0      9.0  2  2000  13358.0  18332.0     75.9   5453.4    83.88
        32.0      9.0  2  2001  13358.0  18332.0     75.9   5453.4    83.88
        32.0      9.0  2  2002  13358.0  18332.0     75.9   5453.4    83.88
        32.0      9.0  2  2003  13358.0  18332.0     75.9   5453.4    83.88
        32.0      9.0  2  2004  13358.0  18332.0     75.9   5453.4    83.88
        32.0      9.0  2  2005  13358.0  18332.0     75.9   5453.4    83.88
        32.0      9.0  2  2006  13358.0  18332.0     75.9   5453.4    83.88
        32.0      9.0  2  2007  13358.0  18332.0     75.9   5453.4    83.88
        32.0      9.0  2  2008  13358.0  18332.0     75.9   5453.4    83.88
        32.0      9.0  2  2009  13358.0  18332.0     75.9   5453.4    83.88
        32.0      9.0  2  2010  13358.0  18332.0     75.9   5453.4    83.88
        32.0      9.0  2  2011  13358.0  18332.0     75.9   5453.4    83.88
        32.0      9.0  2  2012  13358.0  18332.0     75.9   5453.4    83.88
        32.0      9.0  2  2013  12951.1  17925.1     75.9   5453.4    83.88
        32.0      9.0  2  2014  12344.7  17318.7     75.9   5453.4    83.88
        32.0      9.0  2  2015  11728.6  16702.6     75.9   5453.4    83.88
        32.0      9.0  2  2016  11728.6  16702.6     75.9   5453.4    83.88
        32.0      9.0  2  2017  11728.6  16702.6     75.9   5453.4    83.88
        32.0      9.0  2  2018  11728.6  16702.6     75.9   5453.4    83.88
        32.0      9.0  2  2019  11728.6  16702.6     75.9   5453.4    83.88
        32.0      9.0  2  2020  11728.6  16702.6     75.9   5453.4    83.88
        32.0      9.0  2  2021  11728.6  16702.6     75.9   5453.4    83.88
        32.0      9.0  2  2022  11728.6  16702.6     75.9   5453.4    83.88
        32.0      9.0  2  2023  11728.6  16702.6     75.9   5453.4    83.88
        32.0      9.0  2  2024  11728.6  16702.6     75.9   5453.4    83.88
        32.0      9.0  2  2025  11728.6  16702.6     75.9   5453.4    83.88
        32.0      9.0  2  2026  11728.6  16702.6     75.9   5453.4    83.88
        32.0      9.0  2  2027  11728.6  16702.6     75.9   5453.4    83.88
        32.0      9.0  2  2028  11728.6  16702.6     75.9   5453.4    83.88
        32.0      9.0  2  2029  11728.6  16702.6     75.9   5453.4    83.88
        32.0      9.0  2  2030  11728.6  16702.6     75.9   5453.4    83.88
        32.0      9.0  2  2031  11728.6  16702.6     75.9   5453.4    83.88
        32.0      9.0  2  2032  11728.6  16702.6     75.9   5453.4    83.88
        32.0      9.0  2  2033  11728.6  16702.6     75.9   5453.4    83.88
        32.0      9.0  2  2034  11728.6  16702.6     75.9   5453.4    83.88
        32.0      9.0  2  2035  11728.6  16702.6     75.9   5453.4    83.88
        32.0      9.0  2  2036  11728.6  16702.6     75.9   5453.4    83.88
        32.0      9.0  2  2037  11728.6  16702.6     75.9   5453.4    83.88
        32.0      9.0  2  2038  11728.6  16702.6     75.9   5453.4    83.88
        32.0      9.0  2  2039  11728.6  16702.6     75.9   5453.4    83.88
        32.0      9.0  2  2040  11728.6  16702.6     75.9   5453.4    83.88
        32.0      9.0  2  2041  11728.6  16702.6     75.9   5453.4    83.88
        32.0      9.0  2  2042  11728.6  16702.6     75.9   5453.4    83.88
        32.0      9.0  2  2043  11728.6  16702.6     75.9   5453.4    83.88
        32.0      9.0  2  2044  11728.6  16702.6     75.9   5453.4    83.88
        32.0      9.0  2  2045  11728.6  16702.6     75.9   5453.4    83.88
        32.0      9.0  2  2046  11728.6  16702.6     75.9   5453.4    83.88
        32.0      9.0  2  2047  11728.6  16702.6     75.9   5453.4    83.88
        32.0      9.0  2  2048  11728.6  16702.6     75.9   5453.4    83.88
        32.0      9.0  2  2049  11728.6  16702.6     75.9   5453.4    83.88
        32.0      9.0  2  2050  11728.6  16702.6     75.9   5453.4    83.88
        32.0      3.0  1  1990      0.0      0.0     62.0   2304.9     0.00
        30.0      3.0  1  1991      0.0      0.0     62.0   2304.9     0.00
        30.0      3.0  1  1992    680.6   1183.6     62.0   2304.9    43.43
        30.0      3.0  1  1993    647.9   1150.9     62.0   2304.9    43.43
        30.0      3.0  1  1994    614.9   1117.9     62.0   2304.9    43.43
        30.0      3.0  1  1995    581.6   1084.6     62.0   2304.9    43.43
        30.0      3.0  1  1996    548.0   1051.0     62.0   2304.9    43.43
        30.0      3.0  1  1997    514.1   1017.1     62.0   2304.9    43.43
        30.0      3.0  1  1998    479.9    982.9     62.0   2304.9    43.43
        30.0      3.0  1  1999   1463.3   2588.3     62.0   2304.9    43.43
        30.0      3.0  1  2000   1428.5   2553.5     62.0   2304.9    43.43
        30.0      3.0  1  2001   1386.7   2511.7     62.0   2304.9    43.43
        30.0      3.0  1  2002   1344.6   2469.6     62.0   2304.9    43.43
        30.0      3.0  1  2003   1301.9   2426.9     62.0   2304.9    43.43
        30.0      3.0  1  2004   1258.8   2383.8     62.0   2304.9    43.43
        30.0      3.0  1  2005   1215.2   2340.2     62.0   2304.9    43.43
        30.0      3.0  1  2006   1171.2   2296.2     62.0   2304.9    43.43
        30.0      3.0  1  2007   1126.7   2251.7     62.0   2304.9    43.43
        30.0      3.0  1  2008   1081.7   2206.7     62.0   2304.9    43.43
        30.0      3.0  1  2009   1036.2   2161.2     62.0   2304.9    43.43
        30.0      3.0  1  2010    990.2   2115.2     62.0   2304.9    43.43
        30.0      3.0  1  2011    943.8   2068.8     62.0   2304.9    43.43
        30.0      3.0  1  2012    896.8   2021.8     62.0   2304.9    43.43
        30.0      3.0  1  2013    849.3   1974.3     62.0   2304.9    43.43
        30.0      3.0  1  2014    801.3   1926.3     62.0   2304.9    43.43
        30.0      3.0  1  2015    752.8   1877.8     62.0   2304.9    43.43
        30.0      3.0  1  2016    752.8   1877.8     62.0   2304.9    43.43
        30.0      3.0  1  2017    752.8   1877.8     62.0   2304.9    43.43
        30.0      3.0  1  2018    752.8   1877.8     62.0   2304.9    43.43
        30.0      3.0  1  2019    752.8   1877.8     62.0   2304.9    43.43
        30.0      3.0  1  2020    752.8   1877.8     62.0   2304.9    43.43
        30.0      3.0  1  2021    752.8   1877.8     62.0   2304.9    43.43
        30.0      3.0  1  2022    752.8   1877.8     62.0   2304.9    43.43
        30.0      3.0  1  2023    752.8   1877.8     62.0   2304.9    43.43
        30.0      3.0  1  2024    752.8   1877.8     62.0   2304.9    43.43
        30.0      3.0  1  2025    752.8   1877.8     62.0   2304.9    43.43
        30.0      3.0  1  2026    752.8   1877.8     62.0   2304.9    43.43
        30.0      3.0  1  2027    752.8   1877.8     62.0   2304.9    43.43
        30.0      3.0  1  2028    752.8   1877.8     62.0   2304.9    43.43
        30.0      3.0  1  2029    752.8   1877.8     62.0   2304.9    43.43
        30.0      3.0  1  2030    752.8   1877.8     62.0   2304.9    43.43
        30.0      3.0  1  2031    752.8   1877.8     62.0   2304.9    43.43
        30.0      3.0  1  2032    752.8   1877.8     62.0   2304.9    43.43
        30.0      3.0  1  2033    752.8   1877.8     62.0   2304.9    43.43
        30.0      3.0  1  2034    752.8   1877.8     62.0   2304.9    43.43
        30.0      3.0  1  2035    752.8   1877.8     62.0   2304.9    43.43
        30.0      3.0  1  2036    752.8   1877.8     62.0   2304.9    43.43
        30.0      3.0  1  2037    752.8   1877.8     62.0   2304.9    43.43
        30.0      3.0  1  2038    752.8   1877.8     62.0   2304.9    43.43
        30.0      3.0  1  2039    752.8   1877.8     62.0   2304.9    43.43
        30.0      3.0  1  2040    752.8   1877.8     62.0   2304.9    43.43
        30.0      3.0  1  2041    752.8   1877.8     62.0   2304.9    43.43
        30.0      3.0  1  2042    752.8   1877.8     62.0   2304.9    43.43
        30.0      3.0  1  2043    752.8   1877.8     62.0   2304.9    43.43
        30.0      3.0  1  2044    752.8   1877.8     62.0   2304.9    43.43
        30.0      3.0  1  2045    752.8   1877.8     62.0   2304.9    43.43
        30.0      3.0  1  2046    752.8   1877.8     62.0   2304.9    43.43
        30.0      3.0  1  2047    752.8   1877.8     62.0   2304.9    43.43
        30.0      3.0  1  2048    752.8   1877.8     62.0   2304.9    43.43
        30.0      3.0  1  2049    752.8   1877.8     62.0   2304.9    43.43
        30.0      3.0  1  2050    752.8   1877.8     62.0   2304.9    43.43
        30.0      3.0  2  1990      0.0      0.0     63.8   3271.0     0.00
        30.0      3.0  2  1991      0.0      0.0     63.8   3271.0     0.00
        30.0      3.0  2  1992      0.0      0.0     63.8   3271.0     0.00
        30.0      3.0  2  1993      0.0      0.0     63.8   3271.0     0.00
        30.0      3.0  2  1994      0.0      0.0     63.8   3271.0     0.00
        30.0      3.0  2  1995      0.0      0.0     63.8   3271.0     0.00
        30.0      3.0  2  1996      0.0      0.0     63.8   3271.0     0.00
        30.0      3.0  2  1997      0.0      0.0     63.8   3271.0     0.00
        30.0      3.0  2  1998      0.0      0.0     63.8   3271.0     0.00
        30.0      3.0  2  1999   2089.0   3360.0     63.8   3271.0    59.87
        30.0      3.0  2  2000   2089.0   3360.0     63.8   3271.0    59.87
        30.0      3.0  2  2001   2089.0   3360.0     63.8   3271.0    59.87
        30.0      3.0  2  2002   2089.0   3360.0     63.8   3271.0    59.87
        30.0      3.0  2  2003   2089.0   3360.0     63.8   3271.0    59.87
        30.0      3.0  2  2004   2089.0   3360.0     63.8   3271.0    59.87
        30.0      3.0  2  2005   2089.0   3360.0     63.8   3271.0    59.87
        30.0      3.0  2  2006   2089.0   3360.0     63.8   3271.0    59.87
        30.0      3.0  2  2007   2089.0   3360.0     63.8   3271.0    59.87
        30.0      3.0  2  2008   2089.0   3360.0     63.8   3271.0    59.87
        30.0      3.0  2  2009   2089.0   3360.0     63.8   3271.0    59.87
        30.0      3.0  2  2010   2089.0   3360.0     63.8   3271.0    59.87
        30.0      3.0  2  2011   2089.0   3360.0     63.8   3271.0    59.87
        30.0      3.0  2  2012   2089.0   3360.0     63.8   3271.0    59.87
        30.0      3.0  2  2013   2089.0   3360.0     63.8   3271.0    59.87
        30.0      3.0  2  2014   2089.0   3360.0     63.8   3271.0    59.87
        30.0      3.0  2  2015   2089.0   3360.0     63.8   3271.0    59.87
        30.0      3.0  2  2016   2089.0   3360.0     63.8   3271.0    59.87
        30.0      3.0  2  2017   2089.0   3360.0     63.8   3271.0    59.87
        30.0      3.0  2  2018   2089.0   3360.0     63.8   3271.0    59.87
        30.0      3.0  2  2019   2089.0   3360.0     63.8   3271.0    59.87
        30.0      3.0  2  2020   2089.0   3360.0     63.8   3271.0    59.87
        30.0      3.0  2  2021   2089.0   3360.0     63.8   3271.0    59.87
        30.0      3.0  2  2022   2089.0   3360.0     63.8   3271.0    59.87
        30.0      3.0  2  2023   2089.0   3360.0     63.8   3271.0    59.87
        30.0      3.0  2  2024   2089.0   3360.0     63.8   3271.0    59.87
        30.0      3.0  2  2025   2089.0   3360.0     63.8   3271.0    59.87
        30.0      3.0  2  2026   2089.0   3360.0     63.8   3271.0    59.87
        30.0      3.0  2  2027   2089.0   3360.0     63.8   3271.0    59.87
        30.0      3.0  2  2028   2089.0   3360.0     63.8   3271.0    59.87
        30.0      3.0  2  2029   2089.0   3360.0     63.8   3271.0    59.87
        30.0      3.0  2  2030   2089.0   3360.0     63.8   3271.0    59.87
        30.0      3.0  2  2031   2089.0   3360.0     63.8   3271.0    59.87
        30.0      3.0  2  2032   2089.0   3360.0     63.8   3271.0    59.87
        30.0      3.0  2  2033   2089.0   3360.0     63.8   3271.0    59.87
        30.0      3.0  2  2034   2089.0   3360.0     63.8   3271.0    59.87
        30.0      3.0  2  2035   2089.0   3360.0     63.8   3271.0    59.87
        30.0      3.0  2  2036   2089.0   3360.0     63.8   3271.0    59.87
        30.0      3.0  2  2037   2089.0   3360.0     63.8   3271.0    59.87
        30.0      3.0  2  2038   2089.0   3360.0     63.8   3271.0    59.87
        30.0      3.0  2  2039   2089.0   3360.0     63.8   3271.0    59.87
        30.0      3.0  2  2040   2089.0   3360.0     63.8   3271.0    59.87
        30.0      3.0  2  2041   2089.0   3360.0     63.8   3271.0    59.87
        30.0      3.0  2  2042   2089.0   3360.0     63.8   3271.0    59.87
        30.0      3.0  2  2043   2089.0   3360.0     63.8   3271.0    59.87
        30.0      3.0  2  2044   2089.0   3360.0     63.8   3271.0    59.87
        30.0      3.0  2  2045   2089.0   3360.0     63.8   3271.0    59.87
        30.0      3.0  2  2046   2089.0   3360.0     63.8   3271.0    59.87
        30.0      3.0  2  2047   2089.0   3360.0     63.8   3271.0    59.87
        30.0      3.0  2  2048   2089.0   3360.0     63.8   3271.0    59.87
        30.0      3.0  2  2049   2089.0   3360.0     63.8   3271.0    59.87
        30.0      3.0  2  2050   2089.0   3360.0     63.8   3271.0    59.87
        29.0     21.0  1  1990      0.0      0.0     59.5   3248.7     0.00
        29.0     21.0  1  1991      0.0      0.0     59.5   3248.7     0.00
        29.0     21.0  1  1992      0.0      0.0     59.5   3248.7     0.00
        29.0     21.0  1  1993      0.0      0.0     59.5   3248.7     0.00
        29.0     21.0  1  1994      0.0      0.0     59.5   3248.7     0.00
        29.0     21.0  1  1995      0.0      0.0     59.5   3248.7     0.00
        29.0     21.0  1  1996      0.0      0.0     59.5   3248.7     0.00
        29.0     21.0  1  1997      0.0      0.0     59.5   3248.7     0.00
        29.0     21.0  1  1998      0.0      0.0     59.5   3248.7     0.00
        29.0     21.0  1  1999   2619.0   5515.0     59.5   3248.7    63.75
        29.0     21.0  1  2000   2464.8   5360.8     59.5   3248.7    63.75
        29.0     21.0  1  2001   2275.9   5171.9     59.5   3248.7    63.75
        29.0     21.0  1  2002   2084.2   4980.2     59.5   3248.7    63.75
        29.0     21.0  1  2003   1889.6   4785.6     59.5   3248.7    63.75
        29.0     21.0  1  2004   1692.1   4588.1     59.5   3248.7    63.75
        29.0     21.0  1  2005   1491.7   4387.7     59.5   3248.7    63.75
        29.0     21.0  1  2006   1288.2   4184.2     59.5   3248.7    63.75
        29.0     21.0  1  2007   1081.7   3977.7     59.5   3248.7    63.75
        29.0     21.0  1  2008    872.1   3768.1     59.5   3248.7    63.75
        29.0     21.0  1  2009    659.3   3555.3     59.5   3248.7    63.75
        29.0     21.0  1  2010    443.3   3339.3     59.5   3248.7    63.75
        29.0     21.0  1  2011    224.2   3120.2     59.5   3248.7    63.75
        29.0     21.0  1  2012      1.7   2897.7     59.5   3248.7    63.75
        29.0     21.0  1  2013      0.0   2671.9     59.5   3248.7     0.00
        29.0     21.0  1  2014      0.0   2442.7     59.5   3248.7     0.00
        29.0     21.0  1  2015      0.0   2210.0     59.5   3248.7     0.00
        29.0     21.0  1  2016      0.0   2210.0     59.5   3248.7     0.00
        29.0     21.0  1  2017      0.0   2210.0     59.5   3248.7     0.00
        29.0     21.0  1  2018      0.0   2210.0     59.5   3248.7     0.00
        29.0     21.0  1  2019      0.0   2210.0     59.5   3248.7     0.00
        29.0     21.0  1  2020      0.0   2210.0     59.5   3248.7     0.00
        29.0     21.0  1  2021      0.0   2210.0     59.5   3248.7     0.00
        29.0     21.0  1  2022      0.0   2210.0     59.5   3248.7     0.00
        29.0     21.0  1  2023      0.0   2210.0     59.5   3248.7     0.00
        29.0     21.0  1  2024      0.0   2210.0     59.5   3248.7     0.00
        29.0     21.0  1  2025      0.0   2210.0     59.5   3248.7     0.00
        29.0     21.0  1  2026      0.0   2210.0     59.5   3248.7     0.00
        29.0     21.0  1  2027      0.0   2210.0     59.5   3248.7     0.00
        29.0     21.0  1  2028      0.0   2210.0     59.5   3248.7     0.00
        29.0     21.0  1  2029      0.0   2210.0     59.5   3248.7     0.00
        29.0     21.0  1  2030      0.0   2210.0     59.5   3248.7     0.00
        29.0     21.0  1  2031      0.0   2210.0     59.5   3248.7     0.00
        29.0     21.0  1  2032      0.0   2210.0     59.5   3248.7     0.00
        29.0     21.0  1  2033      0.0   2210.0     59.5   3248.7     0.00
        29.0     21.0  1  2034      0.0   2210.0     59.5   3248.7     0.00
        29.0     21.0  1  2035      0.0   2210.0     59.5   3248.7     0.00
        29.0     21.0  1  2036      0.0   2210.0     59.5   3248.7     0.00
        29.0     21.0  1  2037      0.0   2210.0     59.5   3248.7     0.00
        29.0     21.0  1  2038      0.0   2210.0     59.5   3248.7     0.00
        29.0     21.0  1  2039      0.0   2210.0     59.5   3248.7     0.00
        29.0     21.0  1  2040      0.0   2210.0     59.5   3248.7     0.00
        29.0     21.0  1  2041      0.0   2210.0     59.5   3248.7     0.00
        29.0     21.0  1  2042      0.0   2210.0     59.5   3248.7     0.00
        29.0     21.0  1  2043      0.0   2210.0     59.5   3248.7     0.00
        29.0     21.0  1  2044      0.0   2210.0     59.5   3248.7     0.00
        29.0     21.0  1  2045      0.0   2210.0     59.5   3248.7     0.00
        29.0     21.0  1  2046      0.0   2210.0     59.5   3248.7     0.00
        29.0     21.0  1  2047      0.0   2210.0     59.5   3248.7     0.00
        29.0     21.0  1  2048      0.0   2210.0     59.5   3248.7     0.00
        29.0     21.0  1  2049      0.0   2210.0     59.5   3248.7     0.00
        29.0     21.0  1  2050      0.0   2210.0     59.5   3248.7     0.00
        29.0     21.0  2  1990      0.0      0.0     62.5   4637.9     0.00
        29.0     21.0  2  1991      0.0      0.0     62.5   4637.9     0.00
        29.0     21.0  2  1992      0.0      0.0     62.5   4637.9     0.00
        29.0     21.0  2  1993      0.0      0.0     62.5   4637.9     0.00
        29.0     21.0  2  1994      0.0      0.0     62.5   4637.9     0.00
        29.0     21.0  2  1995      0.0      0.0     62.5   4637.9     0.00
        29.0     21.0  2  1996      0.0      0.0     62.5   4637.9     0.00
        29.0     21.0  2  1997      0.0      0.0     62.5   4637.9     0.00
        29.0     21.0  2  1998      0.0      0.0     62.5   4637.9     0.00
        29.0     21.0  2  1999  10132.0  16961.0     62.5   4637.9    86.67
        29.0     21.0  2  2000  10132.0  16961.0     62.5   4637.9    86.67
        29.0     21.0  2  2001  10132.0  16961.0     62.5   4637.9    86.67
        29.0     21.0  2  2002  10132.0  16961.0     62.5   4637.9    86.67
        29.0     21.0  2  2003  10132.0  16961.0     62.5   4637.9    86.67
        29.0     21.0  2  2004  10132.0  16961.0     62.5   4637.9    86.67
        29.0     21.0  2  2005  10132.0  16961.0     62.5   4637.9    86.67
        29.0     21.0  2  2006  10132.0  16961.0     62.5   4637.9    86.67
        29.0     21.0  2  2007  10132.0  16961.0     62.5   4637.9    86.67
        29.0     21.0  2  2008  10132.0  16961.0     62.5   4637.9    86.67
        29.0     21.0  2  2009  10132.0  16961.0     62.5   4637.9    86.67
        29.0     21.0  2  2010  10132.0  16961.0     62.5   4637.9    86.67
        29.0     21.0  2  2011  10132.0  16961.0     62.5   4637.9    86.67
        29.0     21.0  2  2012  10132.0  16961.0     62.5   4637.9    86.67
        29.0     21.0  2  2013   9907.9  16736.9     62.5   4637.9    86.67
        29.0     21.0  2  2014   9678.7  16507.7     62.5   4637.9    86.67
        29.0     21.0  2  2015   9446.0  16275.0     62.5   4637.9    86.67
        29.0     21.0  2  2016   9446.0  16275.0     62.5   4637.9    86.67
        29.0     21.0  2  2017   9446.0  16275.0     62.5   4637.9    86.67
        29.0     21.0  2  2018   9446.0  16275.0     62.5   4637.9    86.67
        29.0     21.0  2  2019   9446.0  16275.0     62.5   4637.9    86.67
        29.0     21.0  2  2020   9446.0  16275.0     62.5   4637.9    86.67
        29.0     21.0  2  2021   9446.0  16275.0     62.5   4637.9    86.67
        29.0     21.0  2  2022   9446.0  16275.0     62.5   4637.9    86.67
        29.0     21.0  2  2023   9446.0  16275.0     62.5   4637.9    86.67
        29.0     21.0  2  2024   9446.0  16275.0     62.5   4637.9    86.67
        29.0     21.0  2  2025   9446.0  16275.0     62.5   4637.9    86.67
        29.0     21.0  2  2026   9446.0  16275.0     62.5   4637.9    86.67
        29.0     21.0  2  2027   9446.0  16275.0     62.5   4637.9    86.67
        29.0     21.0  2  2028   9446.0  16275.0     62.5   4637.9    86.67
        29.0     21.0  2  2029   9446.0  16275.0     62.5   4637.9    86.67
        29.0     21.0  2  2030   9446.0  16275.0     62.5   4637.9    86.67
        29.0     21.0  2  2031   9446.0  16275.0     62.5   4637.9    86.67
        29.0     21.0  2  2032   9446.0  16275.0     62.5   4637.9    86.67
        29.0     21.0  2  2033   9446.0  16275.0     62.5   4637.9    86.67
        29.0     21.0  2  2034   9446.0  16275.0     62.5   4637.9    86.67
        29.0     21.0  2  2035   9446.0  16275.0     62.5   4637.9    86.67
        29.0     21.0  2  2036   9446.0  16275.0     62.5   4637.9    86.67
        29.0     21.0  2  2037   9446.0  16275.0     62.5   4637.9    86.67
        29.0     21.0  2  2038   9446.0  16275.0     62.5   4637.9    86.67
        29.0     21.0  2  2039   9446.0  16275.0     62.5   4637.9    86.67
        29.0     21.0  2  2040   9446.0  16275.0     62.5   4637.9    86.67
        29.0     21.0  2  2041   9446.0  16275.0     62.5   4637.9    86.67
        29.0     21.0  2  2042   9446.0  16275.0     62.5   4637.9    86.67
        29.0     21.0  2  2043   9446.0  16275.0     62.5   4637.9    86.67
        29.0     21.0  2  2044   9446.0  16275.0     62.5   4637.9    86.67
        29.0     21.0  2  2045   9446.0  16275.0     62.5   4637.9    86.67
        29.0     21.0  2  2046   9446.0  16275.0     62.5   4637.9    86.67
        29.0     21.0  2  2047   9446.0  16275.0     62.5   4637.9    86.67
        29.0     21.0  2  2048   9446.0  16275.0     62.5   4637.9    86.67
        29.0     21.0  2  2049   9446.0  16275.0     62.5   4637.9    86.67
        29.0     21.0  2  2050   9446.0  16275.0     62.5   4637.9    86.67
        29.0     23.0  1  1990      0.0      0.0     59.5   1850.8     0.00
        29.0     23.0  1  1991      0.0      0.0     59.5   1850.8     0.00
        29.0     23.0  1  1992      0.0      0.0     59.5   1850.8     0.00
        29.0     23.0  1  1993      0.0      0.0     59.5   1850.8     0.00
        29.0     23.0  1  1994      0.0      0.0     59.5   1850.8     0.00
        29.0     23.0  1  1995      0.0      0.0     59.5   1850.8     0.00
        29.0     23.0  1  1996      0.0      0.0     59.5   1850.8     0.00
        29.0     23.0  1  1997      0.0      0.0     59.5   1850.8     0.00
        29.0     23.0  1  1998      0.0      0.0     59.5   1850.8     0.00
        29.0     23.0  1  1999   2619.0   5515.0     59.5   1850.8    36.32
        29.0     23.0  1  2000   2464.8   5360.8     59.5   1850.8    36.32
        29.0     23.0  1  2001   2275.9   5171.9     59.5   1850.8    36.32
        29.0     23.0  1  2002   2084.2   4980.2     59.5   1850.8    36.32
        29.0     23.0  1  2003   1889.6   4785.6     59.5   1850.8    36.32
        29.0     23.0  1  2004   1692.1   4588.1     59.5   1850.8    36.32
        29.0     23.0  1  2005   1491.7   4387.7     59.5   1850.8    36.32
        29.0     23.0  1  2006   1288.2   4184.2     59.5   1850.8    36.32
        29.0     23.0  1  2007   1081.7   3977.7     59.5   1850.8    36.32
        29.0     23.0  1  2008    872.1   3768.1     59.5   1850.8    36.32
        29.0     23.0  1  2009    659.3   3555.3     59.5   1850.8    36.32
        29.0     23.0  1  2010    443.3   3339.3     59.5   1850.8    36.32
        29.0     23.0  1  2011    224.2   3120.2     59.5   1850.8    36.32
        29.0     23.0  1  2012      1.7   2897.7     59.5   1850.8    36.32
        29.0     23.0  1  2013      0.0   2671.9     59.5   1850.8     0.00
        29.0     23.0  1  2014      0.0   2442.7     59.5   1850.8     0.00
        29.0     23.0  1  2015      0.0   2210.0     59.5   1850.8     0.00
        29.0     23.0  1  2016      0.0   2210.0     59.5   1850.8     0.00
        29.0     23.0  1  2017      0.0   2210.0     59.5   1850.8     0.00
        29.0     23.0  1  2018      0.0   2210.0     59.5   1850.8     0.00
        29.0     23.0  1  2019      0.0   2210.0     59.5   1850.8     0.00
        29.0     23.0  1  2020      0.0   2210.0     59.5   1850.8     0.00
        29.0     23.0  1  2021      0.0   2210.0     59.5   1850.8     0.00
        29.0     23.0  1  2022      0.0   2210.0     59.5   1850.8     0.00
        29.0     23.0  1  2023      0.0   2210.0     59.5   1850.8     0.00
        29.0     23.0  1  2024      0.0   2210.0     59.5   1850.8     0.00
        29.0     23.0  1  2025      0.0   2210.0     59.5   1850.8     0.00
        29.0     23.0  1  2026      0.0   2210.0     59.5   1850.8     0.00
        29.0     23.0  1  2027      0.0   2210.0     59.5   1850.8     0.00
        29.0     23.0  1  2028      0.0   2210.0     59.5   1850.8     0.00
        29.0     23.0  1  2029      0.0   2210.0     59.5   1850.8     0.00
        29.0     23.0  1  2030      0.0   2210.0     59.5   1850.8     0.00
        29.0     23.0  1  2031      0.0   2210.0     59.5   1850.8     0.00
        29.0     23.0  1  2032      0.0   2210.0     59.5   1850.8     0.00
        29.0     23.0  1  2033      0.0   2210.0     59.5   1850.8     0.00
        29.0     23.0  1  2034      0.0   2210.0     59.5   1850.8     0.00
        29.0     23.0  1  2035      0.0   2210.0     59.5   1850.8     0.00
        29.0     23.0  1  2036      0.0   2210.0     59.5   1850.8     0.00
        29.0     23.0  1  2037      0.0   2210.0     59.5   1850.8     0.00
        29.0     23.0  1  2038      0.0   2210.0     59.5   1850.8     0.00
        29.0     23.0  1  2039      0.0   2210.0     59.5   1850.8     0.00
        29.0     23.0  1  2040      0.0   2210.0     59.5   1850.8     0.00
        29.0     23.0  1  2041      0.0   2210.0     59.5   1850.8     0.00
        29.0     23.0  1  2042      0.0   2210.0     59.5   1850.8     0.00
        29.0     23.0  1  2043      0.0   2210.0     59.5   1850.8     0.00
        29.0     23.0  1  2044      0.0   2210.0     59.5   1850.8     0.00
        29.0     23.0  1  2045      0.0   2210.0     59.5   1850.8     0.00
        29.0     23.0  1  2046      0.0   2210.0     59.5   1850.8     0.00
        29.0     23.0  1  2047      0.0   2210.0     59.5   1850.8     0.00
        29.0     23.0  1  2048      0.0   2210.0     59.5   1850.8     0.00
        29.0     23.0  1  2049      0.0   2210.0     59.5   1850.8     0.00
        29.0     23.0  1  2050      0.0   2210.0     59.5   1850.8     0.00
        29.0     23.0  2  1990      0.0      0.0     62.5   3240.2     0.00
        29.0     23.0  2  1991      0.0      0.0     62.5   3240.2     0.00
        29.0     23.0  2  1992      0.0      0.0     62.5   3240.2     0.00
        29.0     23.0  2  1993      0.0      0.0     62.5   3240.2     0.00
        29.0     23.0  2  1994      0.0      0.0     62.5   3240.2     0.00
        29.0     23.0  2  1995      0.0      0.0     62.5   3240.2     0.00
        29.0     23.0  2  1996      0.0      0.0     62.5   3240.2     0.00
        29.0     23.0  2  1997      0.0      0.0     62.5   3240.2     0.00
        29.0     23.0  2  1998      0.0      0.0     62.5   3240.2     0.00
        29.0     23.0  2  1999  10132.0  16961.0     62.5   3240.2    60.55
        29.0     23.0  2  2000  10132.0  16961.0     62.5   3240.2    60.55
        29.0     23.0  2  2001  10132.0  16961.0     62.5   3240.2    60.55
        29.0     23.0  2  2002  10132.0  16961.0     62.5   3240.2    60.55
        29.0     23.0  2  2003  10132.0  16961.0     62.5   3240.2    60.55
        29.0     23.0  2  2004  10132.0  16961.0     62.5   3240.2    60.55
        29.0     23.0  2  2005  10132.0  16961.0     62.5   3240.2    60.55
        29.0     23.0  2  2006  10132.0  16961.0     62.5   3240.2    60.55
        29.0     23.0  2  2007  10132.0  16961.0     62.5   3240.2    60.55
        29.0     23.0  2  2008  10132.0  16961.0     62.5   3240.2    60.55
        29.0     23.0  2  2009  10132.0  16961.0     62.5   3240.2    60.55
        29.0     23.0  2  2010  10132.0  16961.0     62.5   3240.2    60.55
        29.0     23.0  2  2011  10132.0  16961.0     62.5   3240.2    60.55
        29.0     23.0  2  2012  10132.0  16961.0     62.5   3240.2    60.55
        29.0     23.0  2  2013   9907.9  16736.9     62.5   3240.2    60.55
        29.0     23.0  2  2014   9678.7  16507.7     62.5   3240.2    60.55
        29.0     23.0  2  2015   9446.0  16275.0     62.5   3240.2    60.55
        29.0     23.0  2  2016   9446.0  16275.0     62.5   3240.2    60.55
        29.0     23.0  2  2017   9446.0  16275.0     62.5   3240.2    60.55
        29.0     23.0  2  2018   9446.0  16275.0     62.5   3240.2    60.55
        29.0     23.0  2  2019   9446.0  16275.0     62.5   3240.2    60.55
        29.0     23.0  2  2020   9446.0  16275.0     62.5   3240.2    60.55
        29.0     23.0  2  2021   9446.0  16275.0     62.5   3240.2    60.55
        29.0     23.0  2  2022   9446.0  16275.0     62.5   3240.2    60.55
        29.0     23.0  2  2023   9446.0  16275.0     62.5   3240.2    60.55
        29.0     23.0  2  2024   9446.0  16275.0     62.5   3240.2    60.55
        29.0     23.0  2  2025   9446.0  16275.0     62.5   3240.2    60.55
        29.0     23.0  2  2026   9446.0  16275.0     62.5   3240.2    60.55
        29.0     23.0  2  2027   9446.0  16275.0     62.5   3240.2    60.55
        29.0     23.0  2  2028   9446.0  16275.0     62.5   3240.2    60.55
        29.0     23.0  2  2029   9446.0  16275.0     62.5   3240.2    60.55
        29.0     23.0  2  2030   9446.0  16275.0     62.5   3240.2    60.55
        29.0     23.0  2  2031   9446.0  16275.0     62.5   3240.2    60.55
        29.0     23.0  2  2032   9446.0  16275.0     62.5   3240.2    60.55
        29.0     23.0  2  2033   9446.0  16275.0     62.5   3240.2    60.55
        29.0     23.0  2  2034   9446.0  16275.0     62.5   3240.2    60.55
        29.0     23.0  2  2035   9446.0  16275.0     62.5   3240.2    60.55
        29.0     23.0  2  2036   9446.0  16275.0     62.5   3240.2    60.55
        29.0     23.0  2  2037   9446.0  16275.0     62.5   3240.2    60.55
        29.0     23.0  2  2038   9446.0  16275.0     62.5   3240.2    60.55
        29.0     23.0  2  2039   9446.0  16275.0     62.5   3240.2    60.55
        29.0     23.0  2  2040   9446.0  16275.0     62.5   3240.2    60.55
        29.0     23.0  2  2041   9446.0  16275.0     62.5   3240.2    60.55
        29.0     23.0  2  2042   9446.0  16275.0     62.5   3240.2    60.55
        29.0     23.0  2  2043   9446.0  16275.0     62.5   3240.2    60.55
        29.0     23.0  2  2044   9446.0  16275.0     62.5   3240.2    60.55
        29.0     23.0  2  2045   9446.0  16275.0     62.5   3240.2    60.55
        29.0     23.0  2  2046   9446.0  16275.0     62.5   3240.2    60.55
        29.0     23.0  2  2047   9446.0  16275.0     62.5   3240.2    60.55
        29.0     23.0  2  2048   9446.0  16275.0     62.5   3240.2    60.55
        29.0     23.0  2  2049   9446.0  16275.0     62.5   3240.2    60.55
        29.0     23.0  2  2050   9446.0  16275.0     62.5   3240.2    60.55
        99.9      0.0  0     0      0.0      0.0      0.0      0.0     0.0
'project name          seller     summcap   lead yrs mod st  proj st  cap fac   costmw  costmwh      for  num rgs     rgn1     rgn2     rgn3     rgn4     rgn5'
 Moran                  BC 23        2270        5     2051     2051    0.610     1201   35.239    0.050        2       23       21       0        0        0
 Stave Ruskin           BC 23          43        5     2051     2051    0.400     1489   63.965    0.050        2       23       21        0        0        0
 Kemano II              BC 23         740        5     2051     2051    0.620     1811   48.644    0.050        2       23       21        0        0        0
 Bridge River Rapids    BC 23         402        5     2051     2051    0.670     1841   45.649    0.050        2       23       21        0        0        0
 Elaho                  BC 23         195        5     2051     2051    0.390     2129   88.911    0.050        2       23       21        0        0        0
 Cottonwood Canyon      BC 23         411        5     2051     2051    0.510     2170   69.133    0.050        2       23       21        0        0        0
 Yukon-Taku             BC 23        2490        5     2051     2051    0.670     2370   56.863    0.050        2       23       21        0        0        0
 Cutoff Mountain        BC 23         727        5     2051     2051    0.670     2400   57.499    0.050        2       23       21        0        0        0
 Stikine-Iskut          BC 23        1733        5     2051     2051    0.630     2531   64.103    0.050        2       23       21        0        0        0
 Liard                  BC 23        2978        5     2051     2051    0.620     2578   66.214    0.050        2       23       21        0        0        0
 Peace River Site E     BC 23         438        5     2051     2051    0.800     2778   54.866    0.050        2       23       21        0        0        0
 Homathko Development   BC 23         548        5     2051     2051    0.610     3166   80.989    0.050        2       23       21        0        0        0
 Peace River Site C     BC 23         526        5     2051     2051    0.580     3201   86.035    0.050        2       23       21        0        0        0
 Lower McGregor         BC 23         187        5     2051     2051    0.290     3320  177.900    0.050        2       23       21        0        0        0
 Cheakamus-Brandywine   BC 23          50        5     2051     2051    0.260     3369  201.103    0.050        2       23       21        0        0        0
 John Hart II           BC 23          22        5     2051     2051    0.180     3497  300.582    0.050        2       23       21        0        0        0
 Keenleyside-Murphy*    BC 23         156        5     2051     2051    0.540     3509  100.509    0.050        2       23       21        0        0        0
 Cariboo Falls          BC 23          49        5     2051     2051    0.390     3675  145.212    0.050        2       23       21        0        0        0
 Gold River             BC 23          84        5     2051     2051    0.240     4854  305.739    0.050        2       23       21        0        0        0
 Ucona Development      BC 23          42        5     2006     2006    0.150     5285  529.992    0.050        2       23       21        0        0        0
 Kokish River           BC 23          29        5     2051     2051    0.180     5491  457.914    0.050        2       23       21        0        0        0
 KEENELEYSIDE           BC 23          73        4     2006     2006    0.540     2330   69.511    0.050        2       23       21        0        0        0
 REVELSTOKE             BC 23         900        4     2006     2006    0.560     2330   67.029    0.050        2       23       21        0        0        0
 Gull Island            Quebec 9     1292        5     2051     2051    0.760     2799   55.028    0.050        2        9        7        0        0        0
 LaRomaine              Quebec 9     1011        5     2014     2014    0.590     3028   76.396    0.050        2        9        7        0        0        0
 Chamouchouane          Quebec 9      628        5     2051     2051    0.530     3094   86.814    0.050        2        9        7        0        0        0
 Nottaway Broadback RuptQuebec 9     5308        5     2051     2051    0.610     3294   80.085    0.050        2        9        7        0        0        0
 EASTMAIN 1*            Quebec 9      331        4     2006     2006    0.650     3344   76.249    0.050        2        9        7        0        0        0
 EASTMAIN 2*            Quebec 9      134        4     2011     2011    0.720     4576   93.138    0.050        2        9        7        0        0        0
 Muskrat Falls          Quebec 9      533        5     2051     2051    0.860     3443   59.265    0.050        2        9        7        0        0        0
 Caniapiscau            Quebec 9     1792        5     2051     2051    0.800     3844   70.829    0.050        2        9        7        0        0        0
 George                 Quebec 9     2215        5     2051     2051    0.780     3943   74.448    0.050        2        9        7        0        0        0
 Magpie                 Quebec 9      274        5     2016     2016    0.770     4009   76.631    0.050        2        9        7        0        0        0
 Petit Mecatina         Quebec 9     1005        5     2024     2024    0.760     4293   82.948    0.050        2        9        7        0        0        0
 Moisie                 Quebec 9      811        5     2051     2051    0.800     4326   79.386    0.050        2        9        7        0        0        0
 Saint-Louis et ArchipelQuebec 9      651        5     2051     2051    0.800     4460   81.765    0.050        2        9        7        0        0        0
 La Baleine             Quebec 9      628        5     2051     2051    0.780     4676   87.794    0.050        2        9        7        0        0        0
 Aguanus                Quebec 9      263        5     2011     2011    0.800     4694   85.919    0.050        2        9        7        0        0        0
 Mattawin               Quebec 9      194        5     2051     2051    0.240     4793  292.255    0.050        2        9        7        0        0        0
 Toulnustouc            Quebec 9      205        5     2006     2006    0.560     4926  128.626    0.050        2        9        7        0        0        0
 Haut-Saint-Maurice     Quebec 9      194        5     2051     2051    0.800     4942   90.322    0.050        2        9        7        0        0        0
 Olomane                Quebec 9      240        5     2051     2051    0.800     4976   90.926    0.050        2        9        7        0        0        0
 Temiscamingue          Quebec 9      103        5     2051     2051    0.520     5592  156.710    0.050        2        9        7        0        0        0
 Harricana              Quebec 9      822        5     2051     2051    0.800     5743  104.542    0.050        2        9        7        0        0        0
 Nastapoca              Quebec 9      354        5     2051     2051    0.790     6008  110.629    0.050        2        9        7        0        0        0
 Natashquan             Quebec 9      559        5     2051     2051    0.800     6474  117.520    0.050        2        9        7        0        0        0
 Sakami                 Quebec 9      126        5     2051     2051    0.290     6558  328.306    0.050        2        9        7        0        0        0
 Saint-Paul et Bujeault Quebec 9      126        5     2051     2051    0.780     7774  144.204    0.050        2        9        7        0        0        0
 Saint-Augustin         Quebec 9      148        5     2051     2051    0.800     7823  141.469    0.050        2        9        7        0        0        0
 AUX FEUILLES ET PELADEUQuebec 9      559        5     2051     2051    0.780    10387  191.782    0.050        2        9        7        0        0        0
 Arnaud at Payne        Quebec 9      400        5     2051     2051    0.670    11852  254.323    0.050        2        9        7        0        0        0
 ASHUAPMUSHUAN          QUEBEC 9      730        4     2051     2051    0.703     4895  101.783    0.050        2        9        7        0        0        0
 GRANDE-BELEINE         QUEBEC 9     2058        4     2051     2051    0.703     4895  101.783    0.050        2        9        7        0        0        0
 GRANDE-BELEINE         QUEBEC 9      915        4     2051     2051    0.703     4895  101.783    0.050        2        9        7        0        0        0
 KIPAWA                 QUEBEC 9      115        4     2051     2051    0.703     4895  101.783    0.050        2        9        7        0        0        0
 NEW PLANT 18           QUEBEC 9      300        4     2008     2008    0.703     4895  101.783    0.050        2        9        7        0        0        0
 NEW PLANT 5            QUEBEC 9      500        4     2006     2006    0.703     4895  101.783    0.050        2        9        7        0        0        0
 NEW PLANT 6            QUEBEC 9      500        4     2008     2008    0.703     4895  101.783    0.050        2        9        7        0        0        0
 OUTARDES               QUEBEC 9      828        4     2002     2002    0.703     4895  101.783    0.050        2        9        7        0        0        0
 OUTARDES               QUEBEC 9      282        4     2007     2007    0.703     4895  101.783    0.050        2        9        7        0        0        0
 Conawapa               Manitoba      768        5     2022     2022    0.590     1984   50.615    0.050        1        3        0        0        0        0
 Wuskwatim*             Manitoba      175        4     2011     2011    0.740     1994   40.547    0.050        1        3        0        0        0        0
 Birthday               Manitoba      365        5     2051     2051    0.690     2255   48.858    0.050        1        3        0        0        0        0
 Gull                   Manitoba      308        5     2018     2018    0.580     2410   61.919    0.050        1        3        0        0        0        0
 First Rapids           Manitoba      160        5     2051     2051    0.800     2521   46.862    0.050        1        3        0        0        0        0
 Manasan                Manitoba      183        5     2051     2051    0.730     2580   52.503    0.050        1        3        0        0        0        0
 Gilliam Island         Manitoba      502        5     2051     2051    0.620     2751   65.736    0.050        1        3        0        0        0        0
 Whitemud & Red Rock    Manitoba      320        5     2051     2051    0.630     2833   66.540    0.050        1        3        0        0        0        0
 Notigi                 Manitoba       80        5     2051     2051    0.570     2955   76.585    0.050        1        3        0        0        0        0
 Granville              Manitoba       91        5     2051     2051    0.610     3748   90.026    0.050        1        3        0        0        0        0
 Kelsey Extension       Manitoba       80        5     2012     2012    0.330     3881  172.136    0.050        1        3        0        0        0        0
