*** CONSTRUCTION WORK IN PROGRESS PERCENTAGE/SHARES IN RATE BASE BY YEAR (VARIABLE CWPPER)                                                            
*** ROWS ARE REGIONS AND COLUMNS ARE CONSTRUCTION YEARS --                                                                                            
*** THE FIRST SET OF REGIONS IS FOR PRIVATE OWNERSHIP WHILE THE SECOND IS FOR PUBLIC OWNERSHIP                                                        
    .0686 .0686 .0686 .0686 .0686 .0686 .0588 .0490 .0392 .0294 .0196 .0098 0.0 0.0 0.0                                                               
    .1750 .1750 .1750 .1750 .1750 .1750 .1500 .1250 .1000 .0750 .0500 .0250 0.0 0.0 0.0                                                               
    .0980 .0980 .0980 .0980 .0980 .0980 .0840 .0700 .0560 .0420 .0280 .0140 0.0 0.0 0.0                                                               
    .0973 .0973 .0973 .0973 .0973 .0973 .0834 .0695 .0556 .0417 .0278 .0139 0.0 0.0 0.0                                                               
    .1099 .1099 .1099 .1099 .1099 .1099 .0942 .0785 .0628 .0471 .0314 .0157 0.0 0.0 0.0                                                               
    .2569 .2569 .2569 .2569 .2569 .2569 .2202 .1835 .1468 .1101 .0734 .0367 0.0 0.0 0.0                                                               
    .0007 .0007 .0007 .0007 .0007 .0007 .0006 .0005 .0004 .0003 .0002 .0001 0.0 0.0 0.0                                                               
    .2982 .2982 .2982 .2982 .2982 .2982 .2556 .2130 .1704 .1278 .0852 .0426 0.0 0.0 0.0                                                               
    .0084 .0084 .0084 .0084 .0084 .0084 .0072 .0060 .0048 .0036 .0024 .0012 0.0 0.0 0.0                                                               
    .0021 .0021 .0021 .0021 .0021 .0021 .0018 .0015 .0012 .0009 .0006 .0003 0.0 0.0 0.0                                                               
    0.000 0.000 0.000 0.000 0.000 0.000 0.000 0.000 0.000 0.000 0.000 0.000 0.0 0.0 0.0                                                               
    0.000 0.000 0.000 0.000 0.000 0.000 0.000 0.000 0.000 0.000 0.000 0.000 0.0 0.0 0.0                                                               
    0.000 0.000 0.000 0.000 0.000 0.000 0.000 0.000 0.000 0.000 0.000 0.000 0.0 0.0 0.0                                                               
    0.000 0.000 0.000 0.000 0.000 0.000 0.000 0.000 0.000 0.000 0.000 0.000 0.0 0.0 0.0                                                               
    0.000 0.000 0.000 0.000 0.000 0.000 0.000 0.000 0.000 0.000 0.000 0.000 0.0 0.0 0.0                                                               
    0.000 0.000 0.000 0.000 0.000 0.000 0.000 0.000 0.000 0.000 0.000 0.000 0.0 0.0 0.0                                                               
    0.000 0.000 0.000 0.000 0.000 0.000 0.000 0.000 0.000 0.000 0.000 0.000 0.0 0.0 0.0                                                               
    0.000 0.000 0.000 0.000 0.000 0.000 0.000 0.000 0.000 0.000 0.000 0.000 0.0 0.0 0.0                                                               
    0.000 0.000 0.000 0.000 0.000 0.000 0.000 0.000 0.000 0.000 0.000 0.000 0.0 0.0 0.0                                                               
    0.000 0.000 0.000 0.000 0.000 0.000 0.000 0.000 0.000 0.000 0.000 0.000 0.0 0.0 0.0                                                               
*** MODIFIED BY MARK INGLIS TO REFLECT 1985 AS FIRST FORECAST YEAR 5/90                                                                               
*** AFUDC RATE (VARIABLE AFUDCR) -- ROWS ARE REGIONS AND COLUMNS ARE CONSTRUCTION YEARS                                                               
    0.1225 0.1225 0.1225 0.1225 0.1225 0.1225 0.1160 0.1095 0.1030 0.0965 0.0900 0.0800 0.0800 0.0800 0.0700                                          
    0.1225 0.1225 0.1225 0.1225 0.1225 0.1225 0.1160 0.1095 0.1030 0.0965 0.0900 0.0800 0.0800 0.0800 0.0700                                          
    0.1225 0.1225 0.1225 0.1225 0.1225 0.1225 0.1160 0.1095 0.1030 0.0965 0.0900 0.0800 0.0800 0.0800 0.0700                                          
    0.1225 0.1225 0.1225 0.1225 0.1225 0.1225 0.1160 0.1095 0.1030 0.0965 0.0900 0.0800 0.0800 0.0800 0.0700                                          
    0.1225 0.1225 0.1225 0.1225 0.1225 0.1225 0.1160 0.1095 0.1030 0.0965 0.0900 0.0800 0.0800 0.0800 0.0700                                          
    0.1225 0.1225 0.1225 0.1225 0.1225 0.1225 0.1160 0.1095 0.1030 0.0965 0.0900 0.0800 0.0800 0.0800 0.0700                                          
    0.1225 0.1225 0.1225 0.1225 0.1225 0.1225 0.1160 0.1095 0.1030 0.0965 0.0900 0.0800 0.0800 0.0800 0.0700                                          
    0.1225 0.1225 0.1225 0.1225 0.1225 0.1225 0.1160 0.1095 0.1030 0.0965 0.0900 0.0800 0.0800 0.0800 0.0700                                          
    0.1225 0.1225 0.1225 0.1225 0.1225 0.1225 0.1160 0.1095 0.1030 0.0965 0.0900 0.0800 0.0800 0.0800 0.0700                                          
    0.1225 0.1225 0.1225 0.1225 0.1225 0.1225 0.1160 0.1095 0.1030 0.0965 0.0900 0.0800 0.0800 0.0800 0.0700                                          
*** LENGTH OF CONSTRUCTION PERIOD (VARIABLE LENCP) -- INCLUDES THE ONLINE YEAR                                                                        
*** ROWS ARE PLANT TYPES AND COLUMNS ARE REGIONS                                                                                                      
    9  9  9  9  9  9  9  9  9  9                                                                                                                      
    9  9  9  9  9  9  9  9  9  9                                                                                                                      
    9  9  9  9  9  9  9  9  9  9                                                                                                                      
    9  9  9  9  9  9  9  9  9  9                                                                                                                      
    6  6  6  6  6  6  6  6  6  6                                                                                                                      
    6  6  6  6  6  6  6  6  6  6                                                                                                                      
    3  3  3  3  3  3  3  3  3  3                                                                                                                      
    3  3  3  3  3  3  3  3  3  3                                                                                                                      
    3  3  3  3  3  3  3  3  3  3                                                                                                                      
   12 12 12 12 12 12 12 12 12 12                                                                                                                      
    6  6  6  6  6  6  6  6  6  6                                                                                                                      
    6  6  6  6  6  6  6  6  6  6                                                                                                                      
*** CONSTRUCTION COST PERCENTAGE/SHARE INCURRED IN EACH CONSTRUCTION YEAR (VARIABLE CNSPRF)                                                           
*** ROWS ARE PLANT TYPES AND COLS ARE CONSTRUCTION YEARS -- THE FIRST INDEX                                                                           
*** IS FOR THE ONLINE YEAR ARE THE REST OF THE YEAR INDICES WORK BACKWARDS                                                                            
*** THROUGH THE CONSTRUCTION LEAD TIME                                                                                                                
  .000 .040 .140 .330 .340 .110 .030 .010 .000 .000 .000 .000 .000 .000 .000                                                                          
  .000 .021 .088 .255 .403 .188 .045 .000 .000 .000 .000 .000 .000 .000 .000                                                                          
  .000 .021 .088 .255 .403 .188 .045 .000 .000 .000 .000 .000 .000 .000 .000                                                                          
  .000 .021 .088 .255 .403 .188 .045 .000 .000 .000 .000 .000 .000 .000 .000                                                                          
  .000 .226 .255 .107 .169 .152 .091 .000 .000 .000 .000 .000 .000 .000 .000                                                                          
  .000 .226 .255 .107 .169 .152 .091 .000 .000 .000 .000 .000 .000 .000 .000                                                                          
  .000 .750 .250 .000 .000 .000 .000 .000 .000 .000 .000 .000 .000 .000 .000                                                                          
  .000 .750 .250 .000 .000 .000 .000 .000 .000 .000 .000 .000 .000 .000 .000                                                                          
  .000 .750 .250 .000 .000 .000 .000 .000 .000 .000 .000 .000 .000 .000 .000                                                                          
  .000 .059 .062 .105 .184 .167 .156 .112 .086 .049 .018 .002 .000 .000 .000                                                                          
  .000 .180 .400 .300 .090 .030 .000 .000 .000 .000 .000 .000 .000 .000 .000                                                                          
  .000 .180 .400 .300 .090 .030 .000 .000 .000 .000 .000 .000 .000 .000 .000                                                                          
*** POSTAL CODE ABBREVIATIONS FOR STATES (VARIABLE POSTCD) -- ONE PER STATE                                                                           
        'MA' 'VT' 'NH' 'ME' 'CT' 'RI' 'NY' 'NJ' 'PA' 'MD' 'DE' 'VA' 'WV'                                                                              
        'DC' 'KY' 'TN' 'NC' 'SC' 'MS' 'AL' 'GA' 'FL' 'WI' 'MI' 'IL' 'IN'                                                                              
        'OH' 'MN' 'NM' 'OK' 'TX' 'AR' 'LA' 'NE' 'KS' 'IA' 'MO' 'MT' 'ND'                                                                              
        'SD' 'WY' 'UT' 'CO' 'CA' 'NV' 'AZ' 'HI' 'WA' 'OR' 'ID' 'AK'                                                                                   
*** MAPPINGS OF STATES TO FEDERAL REGIONS IN SAME ORDER AS POSTAL CODE                                                                                
*** ABBREVIATIONS (VARIABLE FEDREG) -- ONE PER STATE                                                                                                  
        1 1 1 1 1 1 2 2 3 3 3 3 3 3 4 4 4 4 4 4 4 4 5 5 5 5 5 5                                                                                       
        6 6 6 6 6 7 7 7 7 8 8 8 8 8 8 9 9 9 9 10 10 10 10                                                                                             
*** COST DEFLATORS (VARIABLE GNPD)  -- COLS ARE CONSTRUCTION YEARS                                                                                    
*** THE FIRST INDEX IS THE YEAR BEFORE THE FIRST YEAR IN THE FORECAST HORIZON                                                                         
*** THE REMAINING INDICES WORK BACKWARDS THROUGH THE YEARS BEFORE THE                                                                                 
*** FORECAST HORIZON BEGINS                                                                                                                           
1.0 1.0 1.0 1.0 1.0 1.0 1.0 1.0 1.0 1.0 1.0 1.0 1.0 1.0 1.0                                                                                           
*** CAPITAL COST (VARIABLE CAPCST) -- ROWS ARE REGIONS AND COLS ARE PLANT TYPES                                                                       
   1790. 2249. 1649. 1508. 1668. 1578. 1608. 1611. 1736. 1644.                                                                                           
    658.  658.  658.  658.  658.  658.  658.  658.  658.  658.                                                                                             
    748.  748.  748.  748.  748.  748.  748.  748.  748.  748.                                                                                             
   1591. 1238. 1449. 1310. 1452. 1016. 1390. 1411. 1529. 1438.                                                                                             
    683.  873.  608.  539.  589.  564.  571.  586.  638.  589.                                                                                             
    471.  471.  471.  471.  471.  471.  471.  471.  471.  471.                                                                                             
    273.  273.  273.  273.  273.  273.  273.  273.  273.  273.                                                                                             
    273.  273.  273.  273.  273.  273.  273.  273.  273.  273.                                                                                             
    599.  632.  574.  547.  576.  556.  560.  567.  587.  572.                                                                                             
   3010. 3480. 2894. 2766. 2958. 2845. 2884. 2867. 2993. 2917.                                                                                             
    965.  965.  965.  965.  965.  965.  965.  965.  965.  965.                                                                                             
   1795. 1795. 1795. 1795. 1795. 1795. 1795. 1795. 1795. 1795.                                                                                             
*** % AFUDC IN CAPCST (VARIABLE XAFUDC) -- ONE PER PLANT TYPE                                                                                         
  .0 .150 .150 .150 .0510 .051 .000 .000 .000 .0 .029 .095                                                                                            
***  DEFLATION FACTOR TO 1982$ FROM 1/1/83 FOR COAL CAPITAL, AND                                                                                      
***  1975$ FOR ALL OTHER NON-NUCLEAR COSTS. NUCLEAR DEFLATION IN                                                                                      
***  MID 84 AND 85 (VARIABLE DEFCST) -- ONE PER PLANT TYPE                                                                                            
   1.000 1.000 1.000 1.000 1.000 1.000 1.000 1.000 1.000 1.000 1.000 1.000                                                                            
