FILE NAME:     RSMLGT
DATE MODIFIED: November 9, 2022
USED BY:       RSMLGTREAD subroutine of the National Energy Modeling System (NEMS) Residential Demand Module (RDM)
DEFINITION:    Self-contained lighting technology and usage database for the RDM
UNITS:         See specific sections and headings below
DIMENSION:     year, census division, bulb application, bulb type
SPECIAL CONSTRAINTS:  non-negative values; each group of 11 lines (equipment classes per CD) must sum to 1
ORGANIZATION OF DATA: See specific sections and headings below
               Current parameters allow 4 lighting applications with up to four bulb technologies in each
               Data starts on row 21 of this file as per RDM convention.
SOURCES:       EIA - Technology Forecast Updates – Residential and Commercial Building Technologies – Reference Case,
                EIA/Guidehouse, October, 2022; 2015 RECS; 2015 U.S. Lighting Market Characteriztion, EERE, Nov 2015;
               Residential Lighting End-Use Consumption Study: Estimation Framework and Initial Estimates, EERE, Nov 2015; NEMA Lamp Indicies Report
COMMENT:       Updated utility energy efficiency subsidies (EE_Sub1 to EE_Sub9), revised technology cost and performance characteristics per new technology report, updated Beta 1 and Beta 2 to match NEMA lamp indicies values 





Dollar Year for Cost Data (RLGTDOLLARYR)
 2022

Number of Applications (NumApps) (i.e., GSL, reflector, linear fluorescent, exterior)
 4

Application Labels AppIDs()-Char*3 Data-and Order in Data File AppIndex()
GSL REF LFL EXT
 1   2   3   4 

Number of BulbType by Application (NumTypes); Number of usage bins (i.e., hours used) by application (NumAppBins) 
GSL REF LFL EXT
 3   4   3   4
 6   1   1   1

Technology Cost and Performance (years assumed not to overlap within an application bulb type)
(Note read this section until 9999 is encountered for FirstYear)
FirstYr	LastYr	Cost	EE_Sub1	EE_Sub2	EE_Sub3	EE_Sub4	EE_Sub5	EE_Sub6	EE_Sub7	EE_Sub8	EE_Sub9	Sub1	Sub2	Sub3	Sub4	Sub5	Sub6	Sub7	Sub8	Sub9	Lm/W	Watts	Lf_hrs	CRI	Applic.	BulbType	Beta_1	Beta_2
2015	2019	2.36	0.00	0.00	0.00	0.00	0.00	0.00	0.00	0.00	0.00	0.00	0.00	0.00	0.00	0.00	0.00	0.00	0.00	0.00	17.4	43.1	1000	100.0	GSL	HAL	-0.65	-0.65
2020	2021	4.90	0.00	0.00	0.00	0.00	0.00	0.00	0.00	0.00	0.00	0.00	0.00	0.00	0.00	0.00	0.00	0.00	0.00	0.00	17.4	43.1	1000	100.0	GSL	HAL	-0.55	-0.65
2022	2022	5.92	0.00	0.00	0.00	0.00	0.00	0.00	0.00	0.00	0.00	0.00	0.00	0.00	0.00	0.00	0.00	0.00	0.00	0.00	17.4	43.0	1000	100.0	GSL	HAL	-0.55	-0.55
2023	2050	999.00	0.00	0.00	0.00	0.00	0.00	0.00	0.00	0.00	0.00	0.00	0.00	0.00	0.00	0.00	0.00	0.00	0.00	0.00	17.4	43.0	1000	100.0	GSL	HAL	-0.55	-0.55
2015	2019	2.55	0.00	0.00	0.00	0.00	0.00	0.00	0.00	0.00	0.00	0.00	0.00	0.00	0.00	0.00	0.00	0.00	0.00	0.00	63.5	13.0	10000	82.0	GSL	CFL	-1.3	-0.65
2020	2021	5.40	0.00	0.00	0.00	0.00	0.00	0.00	0.00	0.00	0.00	0.00	0.00	0.00	0.00	0.00	0.00	0.00	0.00	0.00	68.5	13.1	10000	82.0	GSL	CFL	-1.2	-0.60
2022	2029	5.35	0.00	0.00	0.00	0.00	0.00	0.00	0.00	0.00	0.00	0.00	0.00	0.00	0.00	0.00	0.00	0.00	0.00	0.00	69.2	13.0	10000	82.0	GSL	CFL	-1.2	-0.60
2030	2039	5.14	0.00	0.00	0.00	0.00	0.00	0.00	0.00	0.00	0.00	0.00	0.00	0.00	0.00	0.00	0.00	0.00	0.00	0.00	72.0	12.5	10000	82.0	GSL	CFL	-1.20	-0.60
2040	2050	4.89	0.00	0.00	0.00	0.00	0.00	0.00	0.00	0.00	0.00	0.00	0.00	0.00	0.00	0.00	0.00	0.00	0.00	0.00	75.7	11.9	10000	82.0	GSL	CFL	-1.20	-0.60
2015	2015	13.53	5.41	5.41	5.41	5.41	5.41	3.38	5.41	5.41	5.41	0.00	0.00	0.00	0.00	0.00	0.00	0.00	0.00	0.00	75.5	8.7	25163	81.0	GSL	LED	-0.5	-0.5
2016	2016	11.74	4.70	4.70	4.70	4.70	4.70	2.94	4.70	4.70	4.70	0.00	0.00	0.00	0.00	0.00	0.00	0.00	0.00	0.00	77.8	8.8	24241	81.7	GSL	LED	-0.5	-0.5
2017	2017	9.95	3.98	3.98	3.98	3.98	3.98	2.49	3.98	3.98	3.98	0.00	0.00	0.00	0.00	0.00	0.00	0.00	0.00	0.00	80.1	8.9	23319	82.4	GSL	LED	-0.5	-0.5
2018	2018	8.15	3.26	3.26	3.26	3.26	3.26	2.04	3.26	3.26	3.26	0.00	0.00	0.00	0.00	0.00	0.00	0.00	0.00	0.00	82.4	9.0	22397	83.2	GSL	LED	-0.45	-0.45
2019	2019	6.36	2.54	2.54	2.54	2.54	2.54	1.59	2.54	2.54	2.54	0.00	0.00	0.00	0.00	0.00	0.00	0.00	0.00	0.00	84.8	9.1	21475	83.9	GSL	LED	-0.45	-0.45
2020	2020	4.56	1.10	1.46	1.46	1.46	1.46	1.46	1.46	1.46	1.46	0.00	0.00	0.00	0.00	0.00	0.00	0.00	0.00	0.00	87.1	9.2	20553	84.6	GSL	LED	-0.75	-0.75
2021	2021	4.24	1.02	1.36	1.36	1.36	1.36	1.36	1.36	1.36	1.36	0.00	0.00	0.00	0.00	0.00	0.00	0.00	0.00	0.00	88.5	9.1	17491	82.9	GSL	LED	-0.75	-0.75
2022	2022	3.92	0.35	0.58	0.83	1.25	1.25	0.00	0.00	1.25	1.25	0.00	0.00	0.00	0.00	0.00	0.00	0.00	0.00	0.00	90.0	8.9	14429	81.3	GSL	LED	-0.75	-0.75
2023	2023	3.83	0.11	0.19	0.27	0.41	0.41	0.00	0.00	0.41	0.41	0.00	0.00	0.00	0.00	0.00	0.00	0.00	0.00	0.00	92.4	8.7	14429	81.2	GSL	LED	-0.75	-0.75
2024	2024	3.78	0.08	0.14	0.20	0.30	0.30	0.00	0.00	0.30	0.30	0.00	0.00	0.00	0.00	0.00	0.00	0.00	0.00	0.00	94.7	8.5	14429	81.2	GSL	LED	-0.75	-0.75
2025	2029	3.66	0.00	0.00	0.00	0.00	0.00	0.00	0.00	0.00	0.00	0.00	0.00	0.00	0.00	0.00	0.00	0.00	0.00	0.00	97.1	8.3	14429	81.2	GSL	LED	-0.75	-0.75
2030	2039	3.23	0.00	0.00	0.00	0.00	0.00	0.00	0.00	0.00	0.00	0.00	0.00	0.00	0.00	0.00	0.00	0.00	0.00	0.00	108.9	7.3	14429	81.0	GSL	LED	-0.75	-0.75
2040	2050	2.84	0.00	0.00	0.00	0.00	0.00	0.00	0.00	0.00	0.00	0.00	0.00	0.00	0.00	0.00	0.00	0.00	0.00	0.00	138.6	5.8	14429	81.0	GSL	LED	-0.75	-0.75
2015	2021	4.00	0.00	0.00	0.00	0.00	0.00	0.00	0.00	0.00	0.00	0.00	0.00	0.00	0.00	0.00	0.00	0.00	0.00	0.00	9.8	65.0	2000	100.0	REF	INC	-0.65	-0.55
2022	2022	3.70	0.00	0.00	0.00	0.00	0.00	0.00	0.00	0.00	0.00	0.00	0.00	0.00	0.00	0.00	0.00	0.00	0.00	0.00	9.3	65.0	2000	100.0	REF	INC	-0.65	-0.55
2023	2050	999.00	0.00	0.00	0.00	0.00	0.00	0.00	0.00	0.00	0.00	0.00	0.00	0.00	0.00	0.00	0.00	0.00	0.00	0.00	9.3	65.0	2000	100.0	REF	INC	-0.65	-0.55
2015	2019	6.76	0.00	0.00	0.00	0.00	0.00	0.00	0.00	0.00	0.00	0.00	0.00	0.00	0.00	0.00	0.00	0.00	0.00	0.00	48.3	15.5	8243	82.0	REF	CFL	-1.20	-0.60
2020	2020	6.59	0.00	0.00	0.00	0.00	0.00	0.00	0.00	0.00	0.00	0.00	0.00	0.00	0.00	0.00	0.00	0.00	0.00	0.00	49.5	15.1	8451	82.0	REF	CFL	-1.20	-0.60
2021	2050	999.00	0.00	0.00	0.00	0.00	0.00	0.00	0.00	0.00	0.00	0.00	0.00	0.00	0.00	0.00	0.00	0.00	0.00	0.00	49.5	15.1	8451	82.0	REF	CFL	-1.20	-0.60
2015	2019	6.77	0.00	0.00	0.00	0.00	0.00	0.00	0.00	0.00	0.00	0.00	0.00	0.00	0.00	0.00	0.00	0.00	0.00	0.00	14.0	47.1	1500	100.0	REF	HAL	-0.65	-0.55
2020	2021	8.13	0.00	0.00	0.00	0.00	0.00	0.00	0.00	0.00	0.00	0.00	0.00	0.00	0.00	0.00	0.00	0.00	0.00	0.00	14.0	38.8	1500	100.0	REF	HAL	-0.65	-0.55
2022	2022	8.67	0.00	0.00	0.00	0.00	0.00	0.00	0.00	0.00	0.00	0.00	0.00	0.00	0.00	0.00	0.00	0.00	0.00	0.00	14.0	38.8	1500	100.0	REF	HAL	-0.65	-0.55
2023	2050	999.00	0.00	0.00	0.00	0.00	0.00	0.00	0.00	0.00	0.00	0.00	0.00	0.00	0.00	0.00	0.00	0.00	0.00	0.00	14.0	38.8	1500	100.0	REF	HAL	-0.65	-0.55
2015	2015	21.40	8.56	8.56	8.56	8.56	8.56	5.35	8.56	8.56	8.56	0.00	0.00	0.00	0.00	0.00	0.00	0.00	0.00	0.00	49.8	14.2	24990	82.0	REF	LED	-0.45	-0.35
2016	2016	21.40	8.56	8.56	8.56	8.56	8.56	5.35	8.56	8.56	8.56	0.00	0.00	0.00	0.00	0.00	0.00	0.00	0.00	0.00	54.2	13.5	24992	82.6	REF	LED	-0.45	-0.35
2017	2017	18.98	7.59	7.59	7.59	7.59	7.59	4.75	7.59	7.59	7.59	0.00	0.00	0.00	0.00	0.00	0.00	0.00	0.00	0.00	58.5	12.9	24994	83.2	REF	LED	-0.50	-0.40
2018	2018	17.78	7.11	7.11	7.11	7.11	7.11	4.44	7.11	7.11	7.11	0.00	0.00	0.00	0.00	0.00	0.00	0.00	0.00	0.00	62.8	12.2	24996	83.8	REF	LED	-0.50	-0.40
2019	2019	16.57	6.63	6.63	6.63	6.63	6.63	4.14	6.63	6.63	6.63	0.00	0.00	0.00	0.00	0.00	0.00	0.00	0.00	0.00	67.2	11.6	24998	84.4	REF	LED	-0.50	-0.40
2020	2020	15.36	3.69	4.92	4.92	4.92	4.92	4.92	4.92	4.92	4.92	0.00	0.00	0.00	0.00	0.00	0.00	0.00	0.00	0.00	71.5	10.9	25000	85.0	REF	LED	-0.50	-0.40
2021	2021	10.18	2.44	3.26	3.26	3.26	3.26	3.26	3.26	3.26	3.26	0.00	0.00	0.00	0.00	0.00	0.00	0.00	0.00	0.00	75.0	9.9	21808	86.1	REF	LED	-0.50	-0.40
2022	2022	5.01	0.44	0.74	1.06	1.60	1.60	0.00	0.00	1.60	1.60	0.00	0.00	0.00	0.00	0.00	0.00	0.00	0.00	0.00	78.6	8.8	18615	87.1	REF	LED	-0.50	-0.40
2023	2023	4.89	0.14	0.24	0.35	0.52	0.52	0.00	0.00	0.52	0.52	0.00	0.00	0.00	0.00	0.00	0.00	0.00	0.00	0.00	80.2	8.6	18615	87.1	REF	LED	-0.50	-0.40
2024	2024	4.82	0.11	0.18	0.26	0.39	0.39	0.00	0.00	0.39	0.39	0.00	0.00	0.00	0.00	0.00	0.00	0.00	0.00	0.00	81.8	8.4	18615	87.1	REF	LED	-0.50	-0.40
2025	2029	4.67	0.00	0.00	0.00	0.00	0.00	0.00	0.00	0.00	0.00	0.00	0.00	0.00	0.00	0.00	0.00	0.00	0.00	0.00	83.5	8.2	18615	87.1	REF	LED	-0.50	-0.40
2030	2039	4.11	0.00	0.00	0.00	0.00	0.00	0.00	0.00	0.00	0.00	0.00	0.00	0.00	0.00	0.00	0.00	0.00	0.00	0.00	91.7	7.1	18615	87.1	REF	LED	-0.50	-0.40
2040	2050	3.62	0.00	0.00	0.00	0.00	0.00	0.00	0.00	0.00	0.00	0.00	0.00	0.00	0.00	0.00	0.00	0.00	0.00	0.00	104.9	6.2	18615	87.1	REF	LED	-0.50	-0.40
2015	2020	1.10	0.00	0.00	0.00	0.00	0.00	0.00	0.00	0.00	0.00	0.00	0.00	0.00	0.00	0.00	0.00	0.00	0.00	0.00	71.5	40.0	15000	70.0	LFL	T12	-0.65	-0.55
2021	2050	999.00	0.00	0.00	0.00	0.00	0.00	0.00	0.00	0.00	0.00	0.00	0.00	0.00	0.00	0.00	0.00	0.00	0.00	0.00	71.5	40.0	15000	70.0	LFL	T12	-0.65	-0.55
2015	2019	6.54	0.00	0.00	0.00	0.00	0.00	0.00	0.00	0.00	0.00	0.00	0.00	0.00	0.00	0.00	0.00	0.00	0.00	0.00	90.0	30.8	21000	85.0	LFL	T-8	-0.65	-0.55
2020	2021	4.12	0.00	0.00	0.00	0.00	0.00	0.00	0.00	0.00	0.00	0.00	0.00	0.00	0.00	0.00	0.00	0.00	0.00	0.00	89.2	32.0	30691	87.0	LFL	T-8	-0.65	-0.55
2022	2029	4.08	0.00	0.00	0.00	0.00	0.00	0.00	0.00	0.00	0.00	0.00	0.00	0.00	0.00	0.00	0.00	0.00	0.00	0.00	89.2	32.0	31000	87.0	LFL	T-8	-0.65	-0.55
2030	2039	3.92	0.00	0.00	0.00	0.00	0.00	0.00	0.00	0.00	0.00	0.00	0.00	0.00	0.00	0.00	0.00	0.00	0.00	0.00	89.2	32.0	31000	87.0	LFL	T-8	-0.45	-0.35
2040	2050	3.73	0.00	0.00	0.00	0.00	0.00	0.00	0.00	0.00	0.00	0.00	0.00	0.00	0.00	0.00	0.00	0.00	0.00	0.00	89.2	32.0	31000	87.0	LFL	T-8	-0.45	-0.35
2015	2015	27.00	10.80	10.80	10.80	10.80	10.80	10.80	10.80	10.80	10.80	0.00	0.00	0.00	0.00	0.00	0.00	0.00	0.00	0.00	111.0	18.5	55000	82.9	LFL	LED	-0.45	-0.35
2016	2016	26.99	10.80	10.80	10.80	10.80	10.80	10.80	10.80	10.80	10.80	0.00	0.00	0.00	0.00	0.00	0.00	0.00	0.00	0.00	114.9	18.0	54000	82.7	LFL	LED	-0.45	-0.35
2017	2017	21.36	8.54	8.54	8.54	8.54	8.54	8.54	8.54	8.54	8.54	0.00	0.00	0.00	0.00	0.00	0.00	0.00	0.00	0.00	118.9	17.6	53000	82.5	LFL	LED	-0.45	-0.35
2018	2018	18.53	7.41	7.41	7.41	7.41	7.41	7.41	7.41	7.41	7.41	0.00	0.00	0.00	0.00	0.00	0.00	0.00	0.00	0.00	122.8	17.2	52000	82.3	LFL	LED	-0.45	-0.35
2019	2019	15.71	6.28	6.28	6.28	6.28	6.28	6.28	6.28	6.28	6.28	0.00	0.00	0.00	0.00	0.00	0.00	0.00	0.00	0.00	126.7	16.7	51000	82.2	LFL	LED	-0.45	-0.35
2020	2020	12.89	5.16	5.16	5.16	5.16	5.16	5.16	5.16	5.16	5.16	0.00	0.00	0.00	0.00	0.00	0.00	0.00	0.00	0.00	130.7	16.3	50000	82.0	LFL	LED	-0.65	-0.55
2021	2021	12.00	3.60	3.60	3.60	3.60	3.60	3.60	3.60	3.60	3.60	0.00	0.00	0.00	0.00	0.00	0.00	0.00	0.00	0.00	135.4	15.0	52000	81.5	LFL	LED	-0.65	-0.55
2022	2022	11.11	3.33	3.33	3.33	3.33	3.33	3.33	3.33	3.33	3.33	0.00	0.00	0.00	0.00	0.00	0.00	0.00	0.00	0.00	140.1	13.7	54000	81.0	LFL	LED	-0.65	-0.55
2023	2023	10.97	1.10	1.10	1.10	1.10	1.10	1.10	1.10	1.10	1.10	0.00	0.00	0.00	0.00	0.00	0.00	0.00	0.00	0.00	143.4	13.4	54000	81.0	LFL	LED	-0.65	-0.55
2024	2024	10.90	0.82	0.82	0.82	0.82	0.82	0.82	0.82	0.82	0.82	0.00	0.00	0.00	0.00	0.00	0.00	0.00	0.00	0.00	146.7	13.2	54000	81.0	LFL	LED	-0.65	-0.55
2025	2029	10.68	0.00	0.00	0.00	0.00	0.00	0.00	0.00	0.00	0.00	0.00	0.00	0.00	0.00	0.00	0.00	0.00	0.00	0.00	149.9	12.9	54000	81.0	LFL	LED	-0.65	-0.55
2030	2039	9.97	0.00	0.00	0.00	0.00	0.00	0.00	0.00	0.00	0.00	0.00	0.00	0.00	0.00	0.00	0.00	0.00	0.00	0.00	166.2	11.6	54000	81.0	LFL	LED	-0.65	-0.55
2040	2050	9.87	0.00	0.00	0.00	0.00	0.00	0.00	0.00	0.00	0.00	0.00	0.00	0.00	0.00	0.00	0.00	0.00	0.00	0.00	192.2	10.0	54000	81.0	LFL	LED	-0.65	-0.55
2015	2022	0.44	0.00	0.00	0.00	0.00	0.00	0.00	0.00	0.00	0.00	0.00	0.00	0.00	0.00	0.00	0.00	0.00	0.00	0.00	15.6	75.0	750	100.0	EXT	INC	-0.65	-0.55
2023	2050	999.00	0.00	0.00	0.00	0.00	0.00	0.00	0.00	0.00	0.00	0.00	0.00	0.00	0.00	0.00	0.00	0.00	0.00	0.00	15.6	75.0	750	100.0	EXT	INC	-0.65	-0.55
2015	2019	3.82	0.00	0.00	0.00	0.00	0.00	0.00	0.00	0.00	0.00	0.00	0.00	0.00	0.00	0.00	0.00	0.00	0.00	0.00	65.4	18.6	10000	82.0	EXT	CFL	-1.20	-0.60
2020	2021	5.33	0.00	0.00	0.00	0.00	0.00	0.00	0.00	0.00	0.00	0.00	0.00	0.00	0.00	0.00	0.00	0.00	0.00	0.00	61.8	14.6	10000	82.0	EXT	CFL	-1.20	-0.60
2022	2029	5.28	0.00	0.00	0.00	0.00	0.00	0.00	0.00	0.00	0.00	0.00	0.00	0.00	0.00	0.00	0.00	0.00	0.00	0.00	62.4	18.8	10400	82.6	EXT	CFL	-1.20	-0.60
2030	2039	5.07	0.00	0.00	0.00	0.00	0.00	0.00	0.00	0.00	0.00	0.00	0.00	0.00	0.00	0.00	0.00	0.00	0.00	0.00	65.0	13.9	10400	82.6	EXT	CFL	-1.20	-0.60
2040	2050	4.82	0.00	0.00	0.00	0.00	0.00	0.00	0.00	0.00	0.00	0.00	0.00	0.00	0.00	0.00	0.00	0.00	0.00	0.00	68.3	13.2	10400	82.6	EXT	CFL	-1.20	-0.60
2015	2019	15.00	0.00	0.00	0.00	0.00	0.00	0.00	0.00	0.00	0.00	0.00	0.00	0.00	0.00	0.00	0.00	0.00	0.00	0.00	92.8	70.0	24000	100.0	EXT	HPS	-0.65	-0.55
2020	2050	10.00	0.00	0.00	0.00	0.00	0.00	0.00	0.00	0.00	0.00	0.00	0.00	0.00	0.00	0.00	0.00	0.00	0.00	0.00	92.8	70.0	24000	100.0	EXT	HPS	-0.65	-0.55
2015	2015	18.13	7.25	7.25	7.25	7.25	7.25	4.53	7.25	7.25	7.25	0.00	0.00	0.00	0.00	0.00	0.00	0.00	0.00	0.00	83.1	12.9	24529	81.0	EXT	LED	-0.65	-0.55
2016	2016	18.12	7.25	7.25	7.25	7.25	7.25	4.53	7.25	7.25	7.25	0.00	0.00	0.00	0.00	0.00	0.00	0.00	0.00	0.00	85.2	12.7	23771	81.8	EXT	LED	-0.65	-0.55
2017	2017	14.27	5.71	5.71	5.71	5.71	5.71	3.57	5.71	5.71	5.71	0.00	0.00	0.00	0.00	0.00	0.00	0.00	0.00	0.00	87.3	12.5	23013	82.6	EXT	LED	-0.55	-0.45
2018	2018	12.34	4.94	4.94	4.94	4.94	4.94	3.09	4.94	4.94	4.94	0.00	0.00	0.00	0.00	0.00	0.00	0.00	0.00	0.00	89.4	12.2	22256	83.4	EXT	LED	-0.45	-0.35
2019	2019	10.41	4.17	4.17	4.17	4.17	4.17	2.60	4.17	4.17	4.17	0.00	0.00	0.00	0.00	0.00	0.00	0.00	0.00	0.00	91.5	12.0	21498	84.2	EXT	LED	-0.45	-0.35
2020	2020	8.48	2.04	2.72	2.72	2.72	2.72	2.72	2.72	2.72	2.72	0.00	0.00	0.00	0.00	0.00	0.00	0.00	0.00	0.00	93.5	11.8	20740	85.0	EXT	LED	-0.45	-0.35
2021	2021	6.20	1.49	1.98	1.98	1.98	1.98	1.98	1.98	1.98	1.98	0.00	0.00	0.00	0.00	0.00	0.00	0.00	0.00	0.00	92.9	11.8	19314	85.3	EXT	LED	-0.45	-0.35
2022	2022	3.92	0.35	0.58	0.83	1.25	1.25	0.00	0.00	1.25	1.25	0.00	0.00	0.00	0.00	0.00	0.00	0.00	0.00	0.00	92.2	11.9	17889	85.6	EXT	LED	-0.45	-0.35
2023	2023	3.83	0.11	0.19	0.27	0.41	0.41	0.00	0.00	0.41	0.41	0.00	0.00	0.00	0.00	0.00	0.00	0.00	0.00	0.00	94.6	11.6	17889	85.6	EXT	LED	-0.45	-0.35
2024	2024	3.78	0.08	0.14	0.20	0.30	0.30	0.00	0.00	0.30	0.30	0.00	0.00	0.00	0.00	0.00	0.00	0.00	0.00	0.00	97.0	11.4	17889	85.6	EXT	LED	-0.45	-0.35
2025	2029	3.66	0.00	0.00	0.00	0.00	0.00	0.00	0.00	0.00	0.00	0.00	0.00	0.00	0.00	0.00	0.00	0.00	0.00	0.00	99.4	11.1	17889	85.6	EXT	LED	-0.45	-0.35
2030	2039	3.23	0.00	0.00	0.00	0.00	0.00	0.00	0.00	0.00	0.00	0.00	0.00	0.00	0.00	0.00	0.00	0.00	0.00	0.00	111.5	9.9	17889	85.6	EXT	LED	-0.45	-0.35
2040	2050	2.84	0.00	0.00	0.00	0.00	0.00	0.00	0.00	0.00	0.00	0.00	0.00	0.00	0.00	0.00	0.00	0.00	0.00	0.00	142.0	7.7	17889	85.6	EXT	LED	-0.45	-0.35																											   
9999	9999	999	99	99	99	99	99	99	99	99	99	99	99	99	99	99	99	99	99	99	99	99	999	99	End	End	99	99 																										   


GS Lamps per Housing Unit (SF, MF, Mobile)
 38.5	14.6 15.8
Reflector
 8.7	3.3 3.6
Linear	Fluorescent(4-ft, 1Bulbs)
 4.3	1.8 2.0
Exterior Lighting
 6.1	2.1 3.1


GS Hours per bin (daily)
 0.6	1.5	2.5	4.5	8.0	10.0             Hours for each bin (GSHOURS)
GS Overall Bulb Shares by Bin
 0.65	0.16	0.08	0.055	0.035	0.02             Shares of bulbs by bin (GSSHARE)
GS Initial Bulb Shares by BulbType and Bin (INC/HAL, CFL, LED)
 0.57	0.56	0.56	0.55	0.55	0.54
 0.38	0.39	0.39	0.40	0.40	0.41
 0.05	0.05	0.05	0.05	0.05	0.05
GS RECSYear Watts (from database above) INC, CFL, LED
 52. 16. 8.


Reflector Hours per Bin (daily)
 1.8
Reflector Overall Bulb Shares by Bin
 1.
Reflector Shares by BulbType and Bin (INC, CFL, HAL, LED)
 0.45
 0.19
 0.22
 0.13
Reflector RECSYear Watts
 60. 15. 60. 11.


Linear Fluorescent Hours per Day (no shares all LFL)
 1.7
LFL Overall Bulb Shares by Bin
 1.
LFL Shares by BulbType and bin(T12,T-8,LED)
 0.45
 0.55
 0.00
LFL RECSYear Watts
 29. 35. 22.


Exterior Hours per Day
 2.4
EXT Overall Bulb Shares by Bin
 1.
EXT Shares by BulbType (INC, CFL, HID, LED)
 0.61
 0.33
 0.0
 0.06
EXT RECSYear Watts
 60. 23. 67. 16.


----------eodata