MARKUPS:  File made smaller 6/2013;  Note that only data through 2010 passes through.
   0.81   0.66   0.66   0.90   0.70   0.69   0.96   0.64   0.66    MOTOR GAS, TRAN      1990
   0.00   0.00   0.00   0.00   0.00   0.00   0.00   0.00   0.00    DISTILL,   RES       1990
   0.00   0.00   0.00   0.00   0.00   0.00   0.00   0.00   0.00    DISTILL,   TRAN      1990
   0.00   0.00   0.00   0.00   0.00   0.00   0.00   0.00   0.00    JET FUEL,  TRAN      1990
   0.79   0.70   0.59   0.72   0.61   0.64   0.94   0.63   0.60    MOTOR GAS, TRAN      1991
   0.00   0.00   0.00   0.00   0.00   0.00   0.00   0.00   0.00    DISTILL,   RES       1991
   0.00   0.00   0.00   0.00   0.00   0.00   0.00   0.00   0.00    DISTILL,   TRAN      1991
   0.01   0.01   0.01   0.01   0.01   0.01   0.01   0.01   0.01    JET FUEL,  TRAN      1991
   1.14   0.78   0.66   0.77   0.70   0.79   1.00   0.76   0.79    MOTOR GAS, TRAN      1992
   0.00   0.00   0.00   0.00   0.00   0.00   0.00   0.00   0.00    DISTILL,   RES       1992
   0.00   0.00   0.00   0.00   0.00   0.00   0.00   0.00   0.00    DISTILL,   TRAN      1992
   0.03   0.03   0.03   0.03   0.03   0.03   0.03   0.03   0.03    JET FUEL,  TRAN      1992
   1.21   0.87   0.76   0.91   0.87   0.98   1.16   0.94   0.77    MOTOR GAS, TRAN      1993
   0.00   0.00   0.00   0.00   0.00   0.00   0.00   0.00   0.00    DISTILL,   RES       1993
   0.00   0.00   0.00   0.00   0.00   0.00   0.00   0.00   0.00    DISTILL,   TRAN      1993
   0.02   0.02   0.02   0.02   0.02   0.02   0.02   0.02   0.02    JET FUEL,  TRAN      1993
   1.19   0.88   0.82   0.90   0.82   0.96   1.11   0.97   0.82    MOTOR GAS, TRAN      1994
   1.93   2.27   1.65   1.26   2.09   1.44   1.21   1.12   1.98    DISTILL,   RES       1994
   1.14   1.12   0.72   0.60   0.73   0.72   0.79   0.86   1.08    DISTILL,   TRAN      1994
   0.00   0.00   0.00   0.00   0.00   0.00   0.00   0.00   0.00    JET FUEL,  TRAN      1994
   1.20   0.94   0.88   0.85   0.79   0.95   1.09   0.83   0.77    MOTOR GAS, TRAN      1995
   1.77   2.15   1.61   1.15   1.98   0.98   1.46   1.03   1.85    DISTILL,   RES       1995
   1.16   0.92   0.66   0.48   0.65   0.66   0.66   0.73   0.99    DISTILL,   TRAN      1995
   0.01   0.01   0.01   0.01   0.01   0.01   0.01   0.01   0.01    JET FUEL,  TRAN      1995
   1.07   0.84   0.77   0.87   0.73   0.89   0.94   0.82   0.76    MOTOR GAS, TRAN      1996
   1.77   2.04   1.44   1.29   1.90   0.56   1.35   1.19   1.68    DISTILL,   RES       1996
   1.17   0.85   0.62   0.50   0.55   0.65   0.63   0.79   0.93    DISTILL,   TRAN      1996
   0.03   0.03   0.03   0.03   0.03   0.03   0.03   0.03   0.03    JET FUEL,  TRAN      1996
   1.15   0.85   0.79   0.86   0.75   0.89   0.88   0.89   0.80    MOTOR GAS, TRAN      1997
   1.85   2.33   1.71   1.48   2.11   1.61   1.48   1.37   1.83    DISTILL,   RES       1997
   1.33   0.88   0.73   0.60   0.65   0.72   0.62   0.76   1.03    DISTILL,   TRAN      1997
   0.00   0.00   0.00   0.00   0.00   0.00   0.00   0.00   0.00    JET FUEL,  TRAN      1997
   1.04   0.79   0.88   0.82   0.74   0.89   0.91   0.83   0.81    MOTOR GAS, TRAN      1998
   1.95   2.48   1.81   1.51   2.28   1.70   1.29   1.73   2.24    DISTILL,   RES       1998
   1.30   0.98   0.80   0.55   0.69   0.70   0.65   0.86   1.12    DISTILL,   TRAN      1998
   0.01   0.01   0.01   0.01   0.01   0.01   0.01   0.01   0.01    JET FUEL,  TRAN      1998
   1.17   0.76   0.71   0.70   0.64   0.77   0.81   0.63   0.87    MOTOR GAS, TRAN      1999
   1.84   2.16   1.51   1.17   1.99   1.44   1.01   1.02   1.96    DISTILL,   RES       1999
   1.26   0.86   0.71   0.51   0.59   0.65   0.56   0.74   1.10    DISTILL,   TRAN      1999
   0.06   0.06   0.06   0.06   0.06   0.06   0.06   0.06   0.06    JET FUEL,  TRAN      1999
   1.12   1.00   0.88   0.76   0.80   0.79   0.75   0.66   0.77    MOTOR GAS, TRAN      2000
   1.92   2.43   1.46   1.30   2.14   1.52   1.47   1.25   2.20    DISTILL,   RES       2000
   1.24   1.08   0.66   0.51   0.60   0.55   0.57   0.72   0.93    DISTILL,   TRAN      2000
   0.10   0.10   0.10   0.10   0.10   0.10   0.10   0.10   0.10    JET FUEL,  TRAN      2000
   1.10   0.72   0.83   0.77   0.78   0.78   0.62   0.68   0.84    MOTOR GAS, TRAN      2001
   2.31   2.70   1.67   1.52   2.46   1.69   1.48   1.44   2.37    DISTILL,   RES       2001
   1.33   0.88   0.70   0.56   0.70   0.56   0.69   0.66   1.17    DISTILL,   TRAN      2001
   0.06   0.06   0.06   0.06   0.06   0.06   0.06   0.06   0.06    JET FUEL,  TRAN      2001
   0.69   0.66   0.70   0.67   0.56   0.63   0.47   0.50   0.56    MOTOR GAS, TRAN      2002
   2.05   2.33   1.59   1.40   1.95   1.42   0.79   1.03   1.84    DISTILL,   RES       2002
   1.19   0.77   0.53   0.47   0.59   0.49   0.55   0.57   0.99    DISTILL,   TRAN      2002
   0.03   0.03   0.03   0.03   0.03   0.03   0.03   0.03   0.03    JET FUEL,  TRAN      2002
   0.86   0.91   0.77   0.71   0.69   0.70   0.53   0.88   0.88    MOTOR GAS, TRAN      2003
   2.20   2.49   1.88   1.54   2.23   1.68   1.69   1.32   1.97    DISTILL,   RES       2003
   1.48   1.02   0.72   0.56   0.72   0.56   0.60   0.63   1.04    DISTILL,   TRAN      2003
   0.01   0.01   0.01   0.01   0.01   0.01   0.01   0.01   0.01    JET FUEL,  TRAN      2003
   0.69   0.85   0.71   0.72   0.58   0.64   0.46   0.71   0.79    MOTOR GAS, TRAN      2004
   1.89   2.16   1.49   1.13   1.83   1.33   1.27   0.76   1.41    DISTILL,   RES       2004
   1.22   0.95   0.75   0.56   0.70   0.74   0.70   0.62   1.03    DISTILL,   TRAN      2004
   0.00   0.00   0.00   0.00   0.00   0.00   0.00   0.00   0.00    JET FUEL,  TRAN      2004
   0.75   0.99   0.71   0.71   0.74   0.73   0.68   0.70   0.81    MOTOR GAS, TRAN      2005
   1.93   2.06   1.28   0.93   1.85   1.19   1.79   0.92   1.57    DISTILL,   RES       2005
   1.41   1.15   0.72   0.69   0.82   0.92   0.86   0.80   1.02    DISTILL,   TRAN      2005
   0.06   0.06   0.06   0.06   0.06   0.06   0.06   0.06   0.06    JET FUEL,  TRAN      2005
   0.79   1.05   0.70   0.60   0.73   0.71   0.71   0.70   0.78    MOTOR GAS, TRAN      2006
   2.03   2.40   1.19   0.91   1.75   1.17   1.80   0.82   1.47    DISTILL,   RES       2006
   1.42   1.16   0.78   0.64   0.74   0.77   0.79   0.72   0.96    DISTILL,   TRAN      2006
   0.17   0.17   0.17   0.17   0.17   0.17   0.17   0.17   0.17    JET FUEL,  TRAN      2006
   0.88   0.85   0.70   0.65   0.69   0.74   0.58   0.94   0.91    MT          2007
   1.96   2.37   1.35   1.15   1.74   1.35   1.46   1.15   1.79    DR          2007
   0.91   0.64   0.50   0.59   0.23   0.45   0.61   0.45   0.88    DT          2007
   0.01   0.01   0.01   0.01   0.01   0.01   0.01   0.01   0.01    JT          2007
   0.88   0.85   0.70   0.65   0.69   0.74   0.58   0.94   0.91    MT          2008
   1.69   1.74   0.57   0.23   1.12   0.51   1.06   0.41   1.17    DR          2008
   1.87   1.59   1.17   1.02   1.12   1.39   1.18   1.18   1.62    DT          2008
   0.01   0.01   0.01   0.01   0.01   0.01   0.01   0.01   0.01    JT          2008
   0.88   0.85   0.70   0.65   0.69   0.74   0.58   0.94   0.91    MT          2009
   2.54   3.16   1.63   1.47   2.56   1.46   0.98   1.30   2.64    DR          2009
   1.20   1.01   0.97   0.87   0.67   1.02   0.96   1.00   1.46    DT          2009
   0.01   0.01   0.01   0.01   0.01   0.01   0.01   0.01   0.01    JT          2009
   0.88   0.85   0.70   0.65   0.69   0.74   0.58   0.94   0.91    MT          2010
   2.39   2.81   1.76   0.87   2.34   0.98   0.64   1.52   1.76    DR          2010
   2.31   1.86   2.07   2.03   1.86   2.07   2.11   1.92   2.54    DT          2010
   0.13  -0.11   0.03   0.05   0.00   0.20   0.13   0.04  -0.11    JT          2010
   0.88   0.85   0.70   0.65   0.69   0.74   0.58   0.94   0.91    MT          2011
   2.39   2.81   1.76   0.87   2.34   0.98   0.64   1.52   1.76    DR          2011
   2.31   1.86   2.07   2.03   1.86   2.07   2.11   1.92   2.54    DT          2011
   0.13  -0.11   0.03   0.05   0.00   0.20   0.13   0.04  -0.11    JT          2011
   0.88   0.85   0.70   0.65   0.69   0.74   0.58   0.94   0.91    MT          2012
   2.39   2.81   1.76   0.87   2.34   0.98   0.64   1.52   1.76    DR          2012
   2.31   1.86   2.07   2.03   1.86   2.07   2.11   1.92   2.54    DT          2012
   0.13  -0.11   0.03   0.05   0.00   0.20   0.13   0.04  -0.11    JT          2012
   0.88   0.85   0.70   0.65   0.69   0.74   0.58   0.94   0.91    MT          2013
   2.39   2.81   1.76   0.87   2.34   0.98   0.64   1.52   1.76    DR          2013
   2.31   1.86   2.07   2.03   1.86   2.07   2.11   1.92   2.54    DT          2013
   0.13  -0.11   0.03   0.05   0.00   0.20   0.13   0.04  -0.11    JT          2013
   0.88   0.85   0.70   0.65   0.69   0.74   0.58   0.94   0.91    MT          2014
   2.39   2.81   1.76   0.87   2.34   0.98   0.64   1.52   1.76    DR          2014
   2.31   1.86   2.07   2.03   1.86   2.07   2.11   1.92   2.54    DT          2014
   0.13  -0.11   0.03   0.05   0.00   0.20   0.13   0.04  -0.11    JT          2014
   0.88   0.85   0.70   0.65   0.69   0.74   0.58   0.94   0.91    MT          2015
   2.39   2.81   1.76   0.87   2.34   0.98   0.64   1.52   1.76    DR          2015
   2.31   1.86   2.07   2.03   1.86   2.07   2.11   1.92   2.54    DT          2015
   0.13  -0.11   0.03   0.05   0.00   0.20   0.13   0.04  -0.11    JT          2015
   0.88   0.85   0.70   0.65   0.69   0.74   0.58   0.94   0.91    MT          2016
   2.39   2.81   1.76   0.87   2.34   0.98   0.64   1.52   1.76    DR          2016
   2.31   1.86   2.07   2.03   1.86   2.07   2.11   1.92   2.54    DT          2016
   0.13  -0.11   0.03   0.05   0.00   0.20   0.13   0.04  -0.11    JT          2016
   0.88   0.85   0.70   0.65   0.69   0.74   0.58   0.94   0.91    MT          2017
   2.39   2.81   1.76   0.87   2.34   0.98   0.64   1.52   1.76    DR          2017
   2.31   1.86   2.07   2.03   1.86   2.07   2.11   1.92   2.54    DT          2017
   0.13  -0.11   0.03   0.05   0.00   0.20   0.13   0.04  -0.11    JT          2017
   0.88   0.85   0.70   0.65   0.69   0.74   0.58   0.94   0.91    MT          2018
   2.39   2.81   1.76   0.87   2.34   0.98   0.64   1.52   1.76    DR          2018
   2.31   1.86   2.07   2.03   1.86   2.07   2.11   1.92   2.54    DT          2018
   0.13  -0.11   0.03   0.05   0.00   0.20   0.13   0.04  -0.11    JT          2018
   0.88   0.85   0.70   0.65   0.69   0.74   0.58   0.94   0.91    MT          2019
   2.39   2.81   1.76   0.87   2.34   0.98   0.64   1.52   1.76    DR          2019
   2.31   1.86   2.07   2.03   1.86   2.07   2.11   1.92   2.54    DT          2019
   0.13  -0.11   0.03   0.05   0.00   0.20   0.13   0.04  -0.11    JT          2019
   0.88   0.85   0.70   0.65   0.69   0.74   0.58   0.94   0.91    MT          2020
   2.39   2.81   1.76   0.87   2.34   0.98   0.64   1.52   1.76    DR          2020
   2.31   1.86   2.07   2.03   1.86   2.07   2.11   1.92   2.54    DT          2020
   0.13  -0.11   0.03   0.05   0.00   0.20   0.13   0.04  -0.11    JT          2020
   0.88   0.85   0.70   0.65   0.69   0.74   0.58   0.94   0.91    MT          2021
   2.39   2.81   1.76   0.87   2.34   0.98   0.64   1.52   1.76    DR          2021
   2.31   1.86   2.07   2.03   1.86   2.07   2.11   1.92   2.54    DT          2021
   0.13  -0.11   0.03   0.05   0.00   0.20   0.13   0.04  -0.11    JT          2021
   0.88   0.85   0.70   0.65   0.69   0.74   0.58   0.94   0.91    MT          2022
   2.39   2.81   1.76   0.87   2.34   0.98   0.64   1.52   1.76    DR          2022
   2.31   1.86   2.07   2.03   1.86   2.07   2.11   1.92   2.54    DT          2022
   0.13  -0.11   0.03   0.05   0.00   0.20   0.13   0.04  -0.11    JT          2022
   0.88   0.85   0.70   0.65   0.69   0.74   0.58   0.94   0.91    MT          2023
   2.39   2.81   1.76   0.87   2.34   0.98   0.64   1.52   1.76    DR          2023
   2.31   1.86   2.07   2.03   1.86   2.07   2.11   1.92   2.54    DT          2023
   0.13  -0.11   0.03   0.05   0.00   0.20   0.13   0.04  -0.11    JT          2023
   0.88   0.85   0.70   0.65   0.69   0.74   0.58   0.94   0.91    MT          2024
   2.39   2.81   1.76   0.87   2.34   0.98   0.64   1.52   1.76    DR          2024
   2.31   1.86   2.07   2.03   1.86   2.07   2.11   1.92   2.54    DT          2024
   0.13  -0.11   0.03   0.05   0.00   0.20   0.13   0.04  -0.11    JT          2024
   0.88   0.85   0.70   0.65   0.69   0.74   0.58   0.94   0.91    MT          2025
   2.39   2.81   1.76   0.87   2.34   0.98   0.64   1.52   1.76    DR          2025
   2.31   1.86   2.07   2.03   1.86   2.07   2.11   1.92   2.54    DT          2025
   0.13  -0.11   0.03   0.05   0.00   0.20   0.13   0.04  -0.11    JT          2025
   0.88   0.85   0.70   0.65   0.69   0.74   0.58   0.94   0.91    MT          2026
   2.39   2.81   1.76   0.87   2.34   0.98   0.64   1.52   1.76    DR          2026
   2.31   1.86   2.07   2.03   1.86   2.07   2.11   1.92   2.54    DT          2026
   0.13  -0.11   0.03   0.05   0.00   0.20   0.13   0.04  -0.11    JT          2026
   0.88   0.85   0.70   0.65   0.69   0.74   0.58   0.94   0.91    MT          2027
   2.39   2.81   1.76   0.87   2.34   0.98   0.64   1.52   1.76    DR          2027
   2.31   1.86   2.07   2.03   1.86   2.07   2.11   1.92   2.54    DT          2027
   0.13  -0.11   0.03   0.05   0.00   0.20   0.13   0.04  -0.11    JT          2027
   0.88   0.85   0.70   0.65   0.69   0.74   0.58   0.94   0.91    MT          2028
   2.39   2.81   1.76   0.87   2.34   0.98   0.64   1.52   1.76    DR          2028
   2.31   1.86   2.07   2.03   1.86   2.07   2.11   1.92   2.54    DT          2028
   0.13  -0.11   0.03   0.05   0.00   0.20   0.13   0.04  -0.11    JT          2028
   0.88   0.85   0.70   0.65   0.69   0.74   0.58   0.94   0.91    MT          2029
   2.39   2.81   1.76   0.87   2.34   0.98   0.64   1.52   1.76    DR          2029
   2.31   1.86   2.07   2.03   1.86   2.07   2.11   1.92   2.54    DT          2029
   0.13  -0.11   0.03   0.05   0.00   0.20   0.13   0.04  -0.11    JT          2029
   0.88   0.85   0.70   0.65   0.69   0.74   0.58   0.94   0.91    MT          2030
   2.39   2.81   1.76   0.87   2.34   0.98   0.64   1.52   1.76    DR          2030
   2.31   1.86   2.07   2.03   1.86   2.07   2.11   1.92   2.54    DT          2030
   0.13  -0.11   0.03   0.05   0.00   0.20   0.13   0.04  -0.11    JT          2030
   0.88   0.85   0.70   0.65   0.69   0.74   0.58   0.94   0.91    MT          2031
   2.39   2.81   1.76   0.87   2.34   0.98   0.64   1.52   1.76    DR          2031
   2.31   1.86   2.07   2.03   1.86   2.07   2.11   1.92   2.54    DT          2031
   0.13  -0.11   0.03   0.05   0.00   0.20   0.13   0.04  -0.11    JT          2031
   0.88   0.85   0.70   0.65   0.69   0.74   0.58   0.94   0.91    MT          2032
   2.39   2.81   1.76   0.87   2.34   0.98   0.64   1.52   1.76    DR          2032
   2.31   1.86   2.07   2.03   1.86   2.07   2.11   1.92   2.54    DT          2032
   0.13  -0.11   0.03   0.05   0.00   0.20   0.13   0.04  -0.11    JT          2032
   0.88   0.85   0.70   0.65   0.69   0.74   0.58   0.94   0.91    MT          2033
   2.39   2.81   1.76   0.87   2.34   0.98   0.64   1.52   1.76    DR          2033
   2.31   1.86   2.07   2.03   1.86   2.07   2.11   1.92   2.54    DT          2033
   0.13  -0.11   0.03   0.05   0.00   0.20   0.13   0.04  -0.11    JT          2033
   0.88   0.85   0.70   0.65   0.69   0.74   0.58   0.94   0.91    MT          2034
   2.39   2.81   1.76   0.87   2.34   0.98   0.64   1.52   1.76    DR          2034
   2.31   1.86   2.07   2.03   1.86   2.07   2.11   1.92   2.54    DT          2034
   0.13  -0.11   0.03   0.05   0.00   0.20   0.13   0.04  -0.11    JT          2034
   0.88   0.85   0.70   0.65   0.69   0.74   0.58   0.94   0.91    MT          2035
   2.39   2.81   1.76   0.87   2.34   0.98   0.64   1.52   1.76    DR          2035
   2.31   1.86   2.07   2.03   1.86   2.07   2.11   1.92   2.54    DT          2035
   0.13  -0.11   0.03   0.05   0.00   0.20   0.13   0.04  -0.11    JT          2035
   0.88   0.85   0.70   0.65   0.69   0.74   0.58   0.94   0.91    MT          2036
   2.39   2.81   1.76   0.87   2.34   0.98   0.64   1.52   1.76    DR          2036
   2.31   1.86   2.07   2.03   1.86   2.07   2.11   1.92   2.54    DT          2036
   0.13  -0.11   0.03   0.05   0.00   0.20   0.13   0.04  -0.11    JT          2036
   0.88   0.85   0.70   0.65   0.69   0.74   0.58   0.94   0.91    MT          2037
   2.39   2.81   1.76   0.87   2.34   0.98   0.64   1.52   1.76    DR          2037
   2.31   1.86   2.07   2.03   1.86   2.07   2.11   1.92   2.54    DT          2037
   0.13  -0.11   0.03   0.05   0.00   0.20   0.13   0.04  -0.11    JT          2037
   0.88   0.85   0.70   0.65   0.69   0.74   0.58   0.94   0.91    MT          2038
   2.39   2.81   1.76   0.87   2.34   0.98   0.64   1.52   1.76    DR          2038
   2.31   1.86   2.07   2.03   1.86   2.07   2.11   1.92   2.54    DT          2038
   0.13  -0.11   0.03   0.05   0.00   0.20   0.13   0.04  -0.11    JT          2038
   0.88   0.85   0.70   0.65   0.69   0.74   0.58   0.94   0.91    MT          2039
   2.39   2.81   1.76   0.87   2.34   0.98   0.64   1.52   1.76    DR          2039
   2.31   1.86   2.07   2.03   1.86   2.07   2.11   1.92   2.54    DT          2039
   0.13  -0.11   0.03   0.05   0.00   0.20   0.13   0.04  -0.11    JT          2039
   0.88   0.85   0.70   0.65   0.69   0.74   0.58   0.94   0.91    MT          2040
   2.39   2.81   1.76   0.87   2.34   0.98   0.64   1.52   1.76    DR          2040
   2.31   1.86   2.07   2.03   1.86   2.07   2.11   1.92   2.54    DT          2040
   0.13  -0.11   0.03   0.05   0.00   0.20   0.13   0.04  -0.11    JT          2040
   0.88   0.85   0.70   0.65   0.69   0.74   0.58   0.94   0.91    MT          2041
   2.39   2.81   1.76   0.87   2.34   0.98   0.64   1.52   1.76    DR          2041
   2.31   1.86   2.07   2.03   1.86   2.07   2.11   1.92   2.54    DT          2041
   0.13  -0.11   0.03   0.05   0.00   0.20   0.13   0.04  -0.11    JT          2041
   0.88   0.85   0.70   0.65   0.69   0.74   0.58   0.94   0.91    MT          2042
   2.39   2.81   1.76   0.87   2.34   0.98   0.64   1.52   1.76    DR          2042
   2.31   1.86   2.07   2.03   1.86   2.07   2.11   1.92   2.54    DT          2042
   0.13  -0.11   0.03   0.05   0.00   0.20   0.13   0.04  -0.11    JT          2042
   0.88   0.85   0.70   0.65   0.69   0.74   0.58   0.94   0.91    MT          2043
   2.39   2.81   1.76   0.87   2.34   0.98   0.64   1.52   1.76    DR          2043
   2.31   1.86   2.07   2.03   1.86   2.07   2.11   1.92   2.54    DT          2043
   0.13  -0.11   0.03   0.05   0.00   0.20   0.13   0.04  -0.11    JT          2043
   0.88   0.85   0.70   0.65   0.69   0.74   0.58   0.94   0.91    MT          2044
   2.39   2.81   1.76   0.87   2.34   0.98   0.64   1.52   1.76    DR          2044
   2.31   1.86   2.07   2.03   1.86   2.07   2.11   1.92   2.54    DT          2044
   0.13  -0.11   0.03   0.05   0.00   0.20   0.13   0.04  -0.11    JT          2044
   0.88   0.85   0.70   0.65   0.69   0.74   0.58   0.94   0.91    MT          2045
   2.39   2.81   1.76   0.87   2.34   0.98   0.64   1.52   1.76    DR          2045
   2.31   1.86   2.07   2.03   1.86   2.07   2.11   1.92   2.54    DT          2045
   0.13  -0.11   0.03   0.05   0.00   0.20   0.13   0.04  -0.11    JT          2045
   0.88   0.85   0.70   0.65   0.69   0.74   0.58   0.94   0.91    MT          2046
   2.39   2.81   1.76   0.87   2.34   0.98   0.64   1.52   1.76    DR          2046
   2.31   1.86   2.07   2.03   1.86   2.07   2.11   1.92   2.54    DT          2046
   0.13  -0.11   0.03   0.05   0.00   0.20   0.13   0.04  -0.11    JT          2046
   0.88   0.85   0.70   0.65   0.69   0.74   0.58   0.94   0.91    MT          2047
   2.39   2.81   1.76   0.87   2.34   0.98   0.64   1.52   1.76    DR          2047
   2.31   1.86   2.07   2.03   1.86   2.07   2.11   1.92   2.54    DT          2047
   0.13  -0.11   0.03   0.05   0.00   0.20   0.13   0.04  -0.11    JT          2047
   0.88   0.85   0.70   0.65   0.69   0.74   0.58   0.94   0.91    MT          2048
   2.39   2.81   1.76   0.87   2.34   0.98   0.64   1.52   1.76    DR          2048
   2.31   1.86   2.07   2.03   1.86   2.07   2.11   1.92   2.54    DT          2048
   0.13  -0.11   0.03   0.05   0.00   0.20   0.13   0.04  -0.11    JT          2048
   0.88   0.85   0.70   0.65   0.69   0.74   0.58   0.94   0.91    MT          2049
   2.39   2.81   1.76   0.87   2.34   0.98   0.64   1.52   1.76    DR          2049
   2.31   1.86   2.07   2.03   1.86   2.07   2.11   1.92   2.54    DT          2049
   0.13  -0.11   0.03   0.05   0.00   0.20   0.13   0.04  -0.11    JT          2049
   0.88   0.85   0.70   0.65   0.69   0.74   0.58   0.94   0.91    MT          2050
   2.39   2.81   1.76   0.87   2.34   0.98   0.64   1.52   1.76    DR          2050
   2.31   1.86   2.07   2.03   1.86   2.07   2.11   1.92   2.54    DT          2050
   0.13  -0.11   0.03   0.05   0.00   0.20   0.13   0.04  -0.11    JT          2050
