COMPOSITE TABLE:
  tech     pt    Map_EcpGroup
     1     1           1
     2     1           1
     3     1           1
     4     1           1
     5     1           1
     6     1           1
     7     1           1
     8     1           1
     9     1           1
     10    1           1
     11    1           1
     12    1           1
     13    1           1
     14    1           1
     15    1           1
     16    1           1
     17    1           1
     18    1           1
     19    1           1
     20    1           1
     21    1           1
     22    1           1
     23    1           1
     24    1           1
     25    1           1
     26    1           1
     27    1           1
     28    1           1
     29    1           1
     30    1           1
     31    1           1
     32    1           1
     33    1           1
     34    1           1
     35    1           1
     36    1           1
     37    1           1
     38    1           1
     39    2           1
     40    2           1
     41    3           1
     42    3           1
     43    3           1
     44    3           1
     45    3           1
     46    4           1
     47    4           1
     48    4           1
     49    4           1
     50    4           1
     51    5           1
     52    6           1
     53    6           1
     54    6           1
     55    6           1
     56    7           1
     57    7           1
     58    8           1
     59    8           1
     60    9           1
     61    10          1
     62    10          1
     63    10          1
     64    10          1
     65    11          1
     66    12          1
     67    13          1
     68    13          1
     69    13          1
     70    14          1
     71    15          1
     72    16          1
     73    17          1
     74    18          1
     75    19          1
     76    20          1
     77    21          1
     78    22          1
     79    23          1
     80    23          1
     ; 
COMPOSITE TABLE:
     pt       steps    map_plantSteps
     1         1             1
     2         1             1
     3         1             1
     4         1             1
     1         2             1
     2         2             1
     3         2             1
     4         2             1
     1         3             1
     2         3             1
     3         3             1
     4         3             1
     5         1             1
     6         1             1
     7         1             1
     8         1             1
     9         1             1
     10        1             1
     11        1             1
     12        1             1
     13        1             1
     14        1             1
     15        1             1
     16        1             1
     17        1             1
     18        1             1
     19        1             1
     20        1             1
     21        1             1
     22        1             1
     23        1             1
  ;
COMPOSITE TABLE:
     pt         RampRate
     1            0.25
     2            0.40
     3            0.40
     4            0.45
     5            0.50
     6            0.25
     23           0.45
     ;
StartBatteryFrac:=0.5;
UnmetLoad_penalty:= 500;

COMPOSITE TABLE:
     ptc         RampUp_Cost     RampDown_Cost
     1              0.01           0.01
     2              0.01           0.01
     3              0.01           0.01
     4              0.01           0.01
     5              0.01           0.01
     6              0.01           0.01
     23             0.01           0.01
     ;
   
COMPOSITE TABLE:
     r       HydroDispatchablePortion   
     1         0.5     
     2         0.5     
     3         0.5     
     4         0.5     
     1         0.5     
     2         0.5     
     3         0.5
     4         0.5     
     1         0.5     
     2         0.5     
     3         0.5     
     4         0.5     
     5         0.5     
     6         0.5     
     7         0.5     
     8         0.5     
     9         0.5     
     10        0.5     
     11        0.5     
     12        0.5     
     13        0.5     
     14        0.5     
     15        0.5     
     16        0.5     
     17        0.5     
     18        0.5     
     19        0.5     
     20        0.5     
     21        0.5     
     22        0.5     
     23        0.5     
     24        0.5     
     25        0.5     
  ;