 
Composite table:
    M1    TCS45Q_I_45Q_SYR
!   --    ----------------
     1                2018
    ;
 
Composite table:
    M1    TCS45Q_I_45Q_LYR_RET
!   --    --------------------
     1                2031
    ;
 
Composite table:
    M1    TCS45Q_I_45Q_LYR_NEW
!   --    --------------------
     1                2031
    ;
 
Composite table:
    M1     TCS45Q_I_45Q_DURATION
!   --    ----------------------
     1                  12
    ;

! tax credits are input in Nominal $ until 2026, then real 2026$ after, and converted to 1987 dollars in main.f
! Omnibus Bill Extension:  Credit expires 1/1/2026 + construction time (6 yrs per IRS).  Credit duration is 12 years.
Composite table:
    MNUMYR  TCS45Q_CCS_EOR_45Q(MNUMYR)
!   ------  --------------------------
         1                  0.0
         2                  0.0
         3                  0.0
         4                  0.0
         5                  0.0
         6                  0.0
         7                  0.0
         8                  0.0
         9                  0.0
        10                  0.0
        11                  0.0
        12                  0.0
        13                  0.0
        14                  0.0
        15                  0.0
        16                  0.0
        17                  0.0
        18                  0.0
        19                  0.0
        20                  0.0
        21                  0.0
        22                  0.0
        23                  0.0
        24                  0.0
        25                  0.0
        26                  0.0
        27                  0.0
        28                 12.83
        29                 15.29
        30                 17.76
        31                 20.22
        32                 22.68
        33                 25.15
        34                 27.61
        35                 30.07
        36                 32.54
        37                 35.00
        38                 35.00
        39                 35.00
        40                 35.00
        41                 35.00
        42                 35.00
        43                 35.00
        44                 35.00
        45                 35.00
        46                 35.00
        47                 35.00
        48                 35.00
        49                 35.00
        50                 35.00
        51                 35.00
        52                 35.00
        53                 35.00
        54                  0.0
        55                  0.0
        56                  0.0
        57                  0.0
        58                  0.0
        59                  0.0
        60                  0.0
        61                  0.0
    ;

Composite table:
    MNUMYR  TCS45Q_CCS_SALINE_45Q(MNUMYR)
!   ------  -----------------------------
         1                  0.0
         2                  0.0
         3                  0.0
         4                  0.0
         5                  0.0
         6                  0.0
         7                  0.0
         8                  0.0
         9                  0.0
        10                  0.0
        11                  0.0
        12                  0.0
        13                  0.0
        14                  0.0
        15                  0.0
        16                  0.0
        17                  0.0
        18                  0.0
        19                  0.0
        20                  0.0
        21                  0.0
        22                  0.0
        23                  0.0
        24                  0.0
        25                  0.0
        26                  0.0
        27                  0.0
        28                 22.66
        29                 25.70
        30                 28.74
        31                 31.77
        32                 34.81
        33                 37.85
        34                 40.89
        35                 43.92
        36                 46.96
        37                 50.00
        38                 50.00
        39                 50.00
        40                 50.00
        41                 50.00
        42                 50.00
        43                 50.00
        44                 50.00
        45                 50.00
        46                 50.00
        47                 50.00
        48                 50.00
        49                 50.00
        50                 50.00
        51                 50.00
        52                 50.00
        53                 50.00
        54                  0.0
        55                  0.0
        56                  0.0
        57                  0.0
        58                  0.0
        59                  0.0
        60                  0.0
        61                  0.0
    ;
