          DEMAND ELASTICITIES AND ADJUSTMENT COEFFICIENTS
============================================================================================================
                   CORN  G.S.  OATS  BARLY WHEAT SOYBN COTTN RICE  PNUTS SGRCN SGRBT DRYBN SBOIL SMEAL SUGAR
COLUMN WIDTH       5COLN 5COLN 5COLN 5COLN 5COLN 5COLN 5COLN 5COLN 5COLN 5COLN 5COLN 5COLN 5COLN 5COLN 5COLN
01-16              19-23 25-29 31-35 37-41 43-47 49-53 55-59 61-65 67-71 73-77 79-83 85-89 91-95 97-01 03-07
============================================================================================================
DIRECTOWNPRICE    -0.15 -0.50 -0.70 -1.00 -0.60 -0.30 -0.35 -0.26  0.00  0.00  0.00 -0.70 -0.10 -0.60 -0.05
LVTKPRICEINDEX     0.23  0.00  0.00  0.00  0.00  0.00  0.00  0.00  0.00  0.00  0.00  0.00  0.00  0.19  0.00
SBEANMEALPRICE     0.05  0.00  0.00  0.00  0.00  0.20  0.00  0.00  0.00  0.00  0.00  0.00  0.00  0.00  0.00
LVTKPRODINDEX      1.02  0.66  0.00  0.00  0.00  0.00  0.00  0.00  0.00  0.00  0.00  0.00  0.00  1.00  0.00
CORNPRICE          0.00  0.13  0.65  1.00  0.10  0.02  0.00  0.00  0.00  0.00  0.00  0.00  0.00  0.00  0.00
FOODDEMAND         0.00  0.00  0.00  0.00 -0.09  0.00  0.00 -0.33 -0.20  0.00  0.00  0.00  0.00  0.00  0.00
EXPORTDEMAND      -0.50 -0.45 -0.30 -0.40 -0.38 -0.60 -1.00 -1.00  0.00  0.00  0.00  0.00 -0.75 -0.85  0.00
INDUSTRIALDEM     -0.35  0.00  0.00  0.00  0.00  0.00  0.00  0.00  0.00  0.00  0.00  0.00  0.00  0.00  0.00
EXPORTADJCOF       0.30  1.00  1.00  1.00  0.50  0.50  0.50  1.00  1.00  1.00  1.00  1.00  1.00  1.00  1.00
FEEDADJCOEF        1.00  1.00  1.00  1.00  1.00  1.00  0.50  1.00  1.00  1.00  1.00  1.00  1.00  1.00  1.00
FOODEMADJCOEF      1.00  1.00  1.00  1.00  1.00  1.00  1.00  1.00  1.00  1.00  1.00  1.00  1.00  1.00  1.00
INDDEMADJCOEF      1.00  1.00  1.00  1.00  1.00  1.00  1.00  1.00  1.00  1.00  1.00  1.00  1.00  1.00  1.00
============================================================================================================
