STATE TAXES AS OF 09/08/06  em4 chgd ET=f(MT)=5.215/3.9459 *MT;   File made smaller 6/2013;  Note that only data through 2010 passes through.
   1.40   1.15   1.59   1.32   1.20   1.36   1.28   1.43   1.37    MOTOR GAS, TRAN  1990
   0.00   0.00   0.00   0.00   0.00   0.00   0.00   0.00   0.00    DISTILL,   RES   1990
   1.16   1.07   1.30   1.02   0.84   1.04   1.00   1.09   1.10    DISTILL,   TRAN  1990
   0.00   0.00   0.00   0.00   0.00   0.00   0.00   0.00   0.00    JET FUEL,  TRAN  1990
   1.64   1.22   1.57   1.33   1.23   1.33   1.25   1.46   1.53    MOTOR GAS, TRAN  1991
   0.00   0.00   0.00   0.00   0.00   0.00   0.00   0.00   0.00    DISTILL,   RES   1991
   1.35   1.10   1.28   1.01   0.85   1.03   1.01   1.06   1.26    DISTILL,   TRAN  1991
   0.00   0.00   0.00   0.00   0.00   0.00   0.00   0.00   0.00    JET FUEL,  TRAN  1991
   1.73   1.55   1.56   1.34   1.19   1.35   1.45   1.46   1.64    MOTOR GAS, TRAN  1992
   0.00   0.00   0.00   0.00   0.00   0.00   0.00   0.00   0.00    DISTILL,   RES   1992
   1.31   1.35   1.28   1.06   0.84   0.99   1.16   1.07   1.31    DISTILL,   TRAN  1992
   0.00   0.00   0.00   0.00   0.00   0.00   0.00   0.00   0.00    JET FUEL,  TRAN  1992
   1.72   1.52   1.53   1.33   1.19   1.36   1.43   1.50   1.65    MOTOR GAS, TRAN  1993
   0.00   0.00   0.00   0.00   0.00   0.00   0.00   0.00   0.00    DISTILL,   RES   1993
   1.27   1.31   1.26   1.09   0.82   1.00   1.13   1.06   1.34    DISTILL,   TRAN  1993
   0.00   0.00   0.00   0.00   0.00   0.00   0.00   0.00   0.00    JET FUEL,  TRAN  1993
   1.66   1.41   1.50   1.31   1.16   1.31   1.38   1.45   1.62    MOTOR GAS, TRAN  1994
   0.00   0.00   0.00   0.00   0.00   0.00   0.00   0.00   0.00    DISTILL,   RES   1994
   1.24   1.25   1.23   1.11   0.98   0.94   1.12   1.01   1.29    DISTILL,   TRAN  1994
   0.00   0.00   0.00   0.00   0.00   0.00   0.00   0.00   0.00    JET FUEL,  TRAN  1994
   1.68   1.35   1.48   1.30   1.14   1.29   1.36   1.41   1.57    MOTOR GAS, TRAN  1995
   0.00   0.00   0.00   0.00   0.00   0.00   0.00   0.00   0.00    DISTILL,   RES   1995
   1.17   1.21   1.21   1.11   0.96   0.93   1.08   0.96   1.29    DISTILL,   TRAN  1995
   0.20   0.17   0.05   0.19   0.24   0.17   0.00   0.18   0.15    JET FUEL,  TRAN  1995
   1.69   1.34   1.48   1.30   1.12   1.27   1.33   1.39   1.55    MOTOR GAS, TRAN  1996
   0.00   0.00   0.00   0.00   0.00   0.00   0.00   0.00   0.00    DISTILL,   RES   1996
   1.14   1.16   1.23   1.12   0.98   0.91   1.06   0.95   1.28    DISTILL,   TRAN  1996
   0.19   0.18   0.05   0.19   0.24   0.16   0.00   0.17   0.14    JET FUEL,  TRAN  1996
   1.71   1.36   1.47   1.30   1.12   1.25   1.31   1.40   1.53    MOTOR GAS, TRAN  1997
   0.00   0.00   0.00   0.00   0.00   0.00   0.00   0.00   0.00    DISTILL,   RES   1997
   1.12   1.25   1.19   1.10   0.99   0.88   1.07   0.97   1.24    DISTILL,   TRAN  1997
   0.19   0.17   0.05   0.19   0.24   0.15   0.00   0.18   0.14    JET FUEL,  TRAN  1997
   1.63   1.27   1.46   1.28   1.09   1.23   1.30   1.41   1.47    MOTOR GAS, TRAN  1998
   0.00   0.00   0.00   0.00   0.00   0.00   0.00   0.00   0.00    DISTILL,   RES   1998
   1.12   1.20   1.15   1.08   0.96   0.87   1.06   1.06   1.18    DISTILL,   TRAN  1998
   0.21   0.17   0.05   0.18   0.24   0.15   0.00   0.18   0.14    JET FUEL,  TRAN  1998
   1.58   1.32   1.47   1.27   1.08   1.22   1.28   1.39   1.49    MOTOR GAS, TRAN  1999
   0.00   0.00   0.00   0.00   0.00   0.00   0.00   0.00   0.00    DISTILL,   RES   1999
   1.10   1.31   1.14   1.06   0.93   0.86   1.06   1.15   1.20    DISTILL,   TRAN  1999
   0.20   0.13   0.06   0.14   0.24   0.15   0.00   0.18   0.14    JET FUEL,  TRAN  1999
   1.50   1.45   1.45   1.26   1.08   1.19   1.26   1.36   1.54    MOTOR GAS, TRAN  2000
   0.00   0.00   0.00   0.00   0.00   0.00   0.00   0.00   0.00    DISTILL,   RES   2000
   1.10   1.33   1.13   1.05   0.95   0.84   1.06   1.12   1.25    DISTILL,   TRAN  2000
   0.19   0.13   0.05   0.15   0.25   0.14   0.00   0.17   0.14    JET FUEL,  TRAN  2000
   1.41   1.30   1.48   1.25   1.08   1.17   1.24   1.33   1.54    MOTOR GAS, TRAN  2001
   0.00   0.00   0.00   0.00   0.00   0.00   0.00   0.00   0.00    DISTILL,   RES   2001
   1.09   1.24   1.15   1.03   0.95   0.82   1.03   1.11   1.23    DISTILL,   TRAN  2001
   0.16   0.14   0.04   0.15   0.25   0.13   0.00   0.16   0.14    JET FUEL,  TRAN  2001
   1.76   1.62   1.58   1.52   1.29   1.44   1.55   1.67   1.49    MOTOR GAS, TRAN  2002
   0.00   0.00   0.00   0.00   0.00   0.00   0.00   0.00   0.00    DISTILL,   RES   2002
   1.04   1.12   1.00   0.96   0.96   0.82   0.95   1.09   0.91    DISTILL,   TRAN  2002
   0.16   0.14   0.04   0.15   0.24   0.13   0.00   0.16   0.13    JET FUEL,  TRAN  2002
   1.24   1.24   1.22   1.07   0.94   1.00   1.07   1.15   1.11    MOTOR GAS, TRAN  2003
   0.00   0.00   0.00   0.00   0.00   0.00   0.00   0.00   0.00    DISTILL,   RES   2003
   1.29   1.49   1.09   0.99   0.96   0.84   0.93   1.11   1.02    DISTILL,   TRAN  2003
   0.24   0.25   0.02   0.19   0.24   0.21   0.08   0.19   0.16    JET FUEL,  TRAN  2003
   1.24   1.24   1.22   1.07   0.94   1.00   1.07   1.15   1.11    MOTOR GAS, TRAN  2004
   0.00   0.00   0.00   0.00   0.00   0.00   0.00   0.00   0.00    DISTILL,   RES   2004
   1.29   1.49   1.09   0.99   0.96   0.84   0.93   1.11   1.02    DISTILL,   TRAN  2004
   0.24   0.25   0.02   0.19   0.24   0.21   0.08   0.19   0.16    JET FUEL,  TRAN  2004
   1.23   1.26   1.20   1.06   0.94   1.00   1.05   1.12   1.10    MOTOR GAS, TRAN  2005
   0.00   0.00   0.00   0.00   0.00   0.00   0.00   0.00   0.00    DISTILL,   RES   2005
   1.14   1.34   1.07   0.99   0.97   0.84   0.92   1.09   1.00    DISTILL,   TRAN  2005
   0.24   0.26   0.02   0.18   0.24   0.24   0.10   0.19   0.15    JET FUEL,  TRAN  2005
   1.23   1.26   1.20   1.06   0.94   1.00   1.05   1.12   1.10    MOTOR GAS, TRAN  2006
   0.00   0.00   0.00   0.00   0.00   0.00   0.00   0.00   0.00    DISTILL,   RES   2006
   1.14   1.34   1.07   0.99   0.97   0.84   0.92   1.09   1.00    DISTILL,   TRAN  2006
   0.24   0.26   0.02   0.18   0.24   0.24   0.10   0.19   0.15    JET FUEL,  TRAN  2006
   1.23   1.26   1.20   1.06   0.94   1.00   1.05   1.12   1.10    MOTOR GAS, TRAN  2007
   0.00   0.00   0.00   0.00   0.00   0.00   0.00   0.00   0.00    DISTILL,   RES   2007
   1.14   1.34   1.07   0.99   0.97   0.84   0.92   1.09   1.00    DISTILL,   TRAN  2007
   0.24   0.26   0.02   0.18   0.24   0.24   0.10   0.19   0.15    JET FUEL,  TRAN  2007
   1.35   1.17   1.09   1.07   0.88   0.93   0.95   1.02   1.02    MOTOR GAS, TRAN  2008
   0.00   0.00   0.00   0.00   0.00   0.00   0.00   0.00   0.00    DISTILL,   RES   2008
   1.27   1.19   0.98   0.97   0.94   0.79   0.82   0.99   0.91    DISTILL,   TRAN  2008
   0.37   0.24   0.02   0.15   0.22   0.30   0.11   0.17   0.14    JET FUEL,  TRAN  2008
   1.36   1.16   1.09   1.07   0.90   0.95   0.95   1.02   1.03    MOTOR GAS, TRAN  2009
   0.00   0.00   0.00   0.00   0.00   0.00   0.00   0.00   0.00    DISTILL,   RES   2009
   1.28   1.20   0.99   0.97   0.94   0.80   0.82   0.99   0.92    DISTILL,   TRAN  2009
   0.37   0.24   0.02   0.16   0.22   0.26   0.07   0.19   0.14    JET FUEL,  TRAN  2009
   1.36   1.16   1.09   1.07   0.90   0.95   0.95   1.02   1.03    MOTOR GAS, TRAN  2010
   0.00   0.00   0.00   0.00   0.00   0.00   0.00   0.00   0.00    DISTILL,   RES   2010
   1.17   1.35   0.94   0.93   0.92   0.79   0.79   0.95   1.32    DISTILL,   TRAN  2010
   0.30   0.23   0.02   0.17   0.33   0.33   0.12   0.19   0.14    JET FUEL,  TRAN  2010
   1.36   1.16   1.09   1.07   0.90   0.95   0.95   1.02   1.03    MOTOR GAS, TRAN  2011
   0.00   0.00   0.00   0.00   0.00   0.00   0.00   0.00   0.00    DISTILL,   RES   2011
   1.17   1.35   0.94   0.93   0.92   0.79   0.79   0.95   1.32    DISTILL,   TRAN  2011
   0.30   0.23   0.02   0.17   0.33   0.33   0.12   0.19   0.14    JET FUEL,  TRAN  2011
   1.36   1.16   1.09   1.07   0.90   0.95   0.95   1.02   1.03    MOTOR GAS, TRAN  2012
   0.00   0.00   0.00   0.00   0.00   0.00   0.00   0.00   0.00    DISTILL,   RES   2012
   1.17   1.35   0.94   0.93   0.92   0.79   0.79   0.95   1.32    DISTILL,   TRAN  2012
   0.30   0.23   0.02   0.17   0.33   0.33   0.12   0.19   0.14    JET FUEL,  TRAN  2012
   1.36   1.16   1.09   1.07   0.90   0.95   0.95   1.02   1.03    MOTOR GAS, TRAN  2013
   0.00   0.00   0.00   0.00   0.00   0.00   0.00   0.00   0.00    DISTILL,   RES   2013
   1.17   1.35   0.94   0.93   0.92   0.79   0.79   0.95   1.32    DISTILL,   TRAN  2013
   0.30   0.23   0.02   0.17   0.33   0.33   0.12   0.19   0.14    JET FUEL,  TRAN  2013
   1.36   1.16   1.09   1.07   0.90   0.95   0.95   1.02   1.03    MOTOR GAS, TRAN  2014
   0.00   0.00   0.00   0.00   0.00   0.00   0.00   0.00   0.00    DISTILL,   RES   2014
   1.17   1.35   0.94   0.93   0.92   0.79   0.79   0.95   1.32    DISTILL,   TRAN  2014
   0.30   0.23   0.02   0.17   0.33   0.33   0.12   0.19   0.14    JET FUEL,  TRAN  2014
   1.36   1.16   1.09   1.07   0.90   0.95   0.95   1.02   1.03    MOTOR GAS, TRAN  2015
   0.00   0.00   0.00   0.00   0.00   0.00   0.00   0.00   0.00    DISTILL,   RES   2015
   1.17   1.35   0.94   0.93   0.92   0.79   0.79   0.95   1.32    DISTILL,   TRAN  2015
   0.30   0.23   0.02   0.17   0.33   0.33   0.12   0.19   0.14    JET FUEL,  TRAN  2015
   1.36   1.16   1.09   1.07   0.90   0.95   0.95   1.02   1.03    MOTOR GAS, TRAN  2016
   0.00   0.00   0.00   0.00   0.00   0.00   0.00   0.00   0.00    DISTILL,   RES   2016
   1.17   1.35   0.94   0.93   0.92   0.79   0.79   0.95   1.32    DISTILL,   TRAN  2016
   0.30   0.23   0.02   0.17   0.33   0.33   0.12   0.19   0.14    JET FUEL,  TRAN  2016
   1.36   1.16   1.09   1.07   0.90   0.95   0.95   1.02   1.03    MOTOR GAS, TRAN  2017
   0.00   0.00   0.00   0.00   0.00   0.00   0.00   0.00   0.00    DISTILL,   RES   2017
   1.17   1.35   0.94   0.93   0.92   0.79   0.79   0.95   1.32    DISTILL,   TRAN  2017
   0.30   0.23   0.02   0.17   0.33   0.33   0.12   0.19   0.14    JET FUEL,  TRAN  2017
   1.36   1.16   1.09   1.07   0.90   0.95   0.95   1.02   1.03    MOTOR GAS, TRAN  2018
   0.00   0.00   0.00   0.00   0.00   0.00   0.00   0.00   0.00    DISTILL,   RES   2018
   1.17   1.35   0.94   0.93   0.92   0.79   0.79   0.95   1.32    DISTILL,   TRAN  2018
   0.30   0.23   0.02   0.17   0.33   0.33   0.12   0.19   0.14    JET FUEL,  TRAN  2018
   1.36   1.16   1.09   1.07   0.90   0.95   0.95   1.02   1.03    MOTOR GAS, TRAN  2019
   0.00   0.00   0.00   0.00   0.00   0.00   0.00   0.00   0.00    DISTILL,   RES   2019
   1.17   1.35   0.94   0.93   0.92   0.79   0.79   0.95   1.32    DISTILL,   TRAN  2019
   0.30   0.23   0.02   0.17   0.33   0.33   0.12   0.19   0.14    JET FUEL,  TRAN  2019
   1.36   1.16   1.09   1.07   0.90   0.95   0.95   1.02   1.03    MOTOR GAS, TRAN  2020
   0.00   0.00   0.00   0.00   0.00   0.00   0.00   0.00   0.00    DISTILL,   RES   2020
   1.17   1.35   0.94   0.93   0.92   0.79   0.79   0.95   1.32    DISTILL,   TRAN  2020
   0.30   0.23   0.02   0.17   0.33   0.33   0.12   0.19   0.14    JET FUEL,  TRAN  2020
   1.36   1.16   1.09   1.07   0.90   0.95   0.95   1.02   1.03    MOTOR GAS, TRAN  2021
   0.00   0.00   0.00   0.00   0.00   0.00   0.00   0.00   0.00    DISTILL,   RES   2021
   1.17   1.35   0.94   0.93   0.92   0.79   0.79   0.95   1.32    DISTILL,   TRAN  2021
   0.30   0.23   0.02   0.17   0.33   0.33   0.12   0.19   0.14    JET FUEL,  TRAN  2021
   1.36   1.16   1.09   1.07   0.90   0.95   0.95   1.02   1.03    MOTOR GAS, TRAN  2022
   0.00   0.00   0.00   0.00   0.00   0.00   0.00   0.00   0.00    DISTILL,   RES   2022
   1.17   1.35   0.94   0.93   0.92   0.79   0.79   0.95   1.32    DISTILL,   TRAN  2022
   0.30   0.23   0.02   0.17   0.33   0.33   0.12   0.19   0.14    JET FUEL,  TRAN  2022
   1.36   1.16   1.09   1.07   0.90   0.95   0.95   1.02   1.03    MOTOR GAS, TRAN  2023
   0.00   0.00   0.00   0.00   0.00   0.00   0.00   0.00   0.00    DISTILL,   RES   2023
   1.17   1.35   0.94   0.93   0.92   0.79   0.79   0.95   1.32    DISTILL,   TRAN  2023
   0.30   0.23   0.02   0.17   0.33   0.33   0.12   0.19   0.14    JET FUEL,  TRAN  2023
   1.36   1.16   1.09   1.07   0.90   0.95   0.95   1.02   1.03    MOTOR GAS, TRAN  2024
   0.00   0.00   0.00   0.00   0.00   0.00   0.00   0.00   0.00    DISTILL,   RES   2024
   1.17   1.35   0.94   0.93   0.92   0.79   0.79   0.95   1.32    DISTILL,   TRAN  2024
   0.30   0.23   0.02   0.17   0.33   0.33   0.12   0.19   0.14    JET FUEL,  TRAN  2024
   1.36   1.16   1.09   1.07   0.90   0.95   0.95   1.02   1.03    MOTOR GAS, TRAN  2025
   0.00   0.00   0.00   0.00   0.00   0.00   0.00   0.00   0.00    DISTILL,   RES   2025
   1.17   1.35   0.94   0.93   0.92   0.79   0.79   0.95   1.32    DISTILL,   TRAN  2025
   0.30   0.23   0.02   0.17   0.33   0.33   0.12   0.19   0.14    JET FUEL,  TRAN  2025
   1.36   1.16   1.09   1.07   0.90   0.95   0.95   1.02   1.03    MOTOR GAS, TRAN  2026
   0.00   0.00   0.00   0.00   0.00   0.00   0.00   0.00   0.00    DISTILL,   RES   2026
   1.17   1.35   0.94   0.93   0.92   0.79   0.79   0.95   1.32    DISTILL,   TRAN  2026
   0.30   0.23   0.02   0.17   0.33   0.33   0.12   0.19   0.14    JET FUEL,  TRAN  2026
   1.36   1.16   1.09   1.07   0.90   0.95   0.95   1.02   1.03    MOTOR GAS, TRAN  2027
   0.00   0.00   0.00   0.00   0.00   0.00   0.00   0.00   0.00    DISTILL,   RES   2027
   1.17   1.35   0.94   0.93   0.92   0.79   0.79   0.95   1.32    DISTILL,   TRAN  2027
   0.30   0.23   0.02   0.17   0.33   0.33   0.12   0.19   0.14    JET FUEL,  TRAN  2027
   1.36   1.16   1.09   1.07   0.90   0.95   0.95   1.02   1.03    MOTOR GAS, TRAN  2028
   0.00   0.00   0.00   0.00   0.00   0.00   0.00   0.00   0.00    DISTILL,   RES   2028
   1.17   1.35   0.94   0.93   0.92   0.79   0.79   0.95   1.32    DISTILL,   TRAN  2028
   0.30   0.23   0.02   0.17   0.33   0.33   0.12   0.19   0.14    JET FUEL,  TRAN  2028
   1.36   1.16   1.09   1.07   0.90   0.95   0.95   1.02   1.03    MOTOR GAS, TRAN  2029
   0.00   0.00   0.00   0.00   0.00   0.00   0.00   0.00   0.00    DISTILL,   RES   2029
   1.17   1.35   0.94   0.93   0.92   0.79   0.79   0.95   1.32    DISTILL,   TRAN  2029
   0.30   0.23   0.02   0.17   0.33   0.33   0.12   0.19   0.14    JET FUEL,  TRAN  2029
   1.36   1.16   1.09   1.07   0.90   0.95   0.95   1.02   1.03    MOTOR GAS, TRAN  2030
   0.00   0.00   0.00   0.00   0.00   0.00   0.00   0.00   0.00    DISTILL,   RES   2030
   1.17   1.35   0.94   0.93   0.92   0.79   0.79   0.95   1.32    DISTILL,   TRAN  2030
   0.30   0.23   0.02   0.17   0.33   0.33   0.12   0.19   0.14    JET FUEL,  TRAN  2030
   1.36   1.16   1.09   1.07   0.90   0.95   0.95   1.02   1.03    MOTOR GAS, TRAN  2031
   0.00   0.00   0.00   0.00   0.00   0.00   0.00   0.00   0.00    DISTILL,   RES   2031
   1.17   1.35   0.94   0.93   0.92   0.79   0.79   0.95   1.32    DISTILL,   TRAN  2031
   0.30   0.23   0.02   0.17   0.33   0.33   0.12   0.19   0.14    JET FUEL,  TRAN  2031
   1.36   1.16   1.09   1.07   0.90   0.95   0.95   1.02   1.03    MOTOR GAS, TRAN  2032
   0.00   0.00   0.00   0.00   0.00   0.00   0.00   0.00   0.00    DISTILL,   RES   2032
   1.17   1.35   0.94   0.93   0.92   0.79   0.79   0.95   1.32    DISTILL,   TRAN  2032
   0.30   0.23   0.02   0.17   0.33   0.33   0.12   0.19   0.14    JET FUEL,  TRAN  2032
   1.36   1.16   1.09   1.07   0.90   0.95   0.95   1.02   1.03    MOTOR GAS, TRAN  2033
   0.00   0.00   0.00   0.00   0.00   0.00   0.00   0.00   0.00    DISTILL,   RES   2033
   1.17   1.35   0.94   0.93   0.92   0.79   0.79   0.95   1.32    DISTILL,   TRAN  2033
   0.30   0.23   0.02   0.17   0.33   0.33   0.12   0.19   0.14    JET FUEL,  TRAN  2033
   1.36   1.16   1.09   1.07   0.90   0.95   0.95   1.02   1.03    MOTOR GAS, TRAN  2034
   0.00   0.00   0.00   0.00   0.00   0.00   0.00   0.00   0.00    DISTILL,   RES   2034
   1.17   1.35   0.94   0.93   0.92   0.79   0.79   0.95   1.32    DISTILL,   TRAN  2034
   0.30   0.23   0.02   0.17   0.33   0.33   0.12   0.19   0.14    JET FUEL,  TRAN  2034
   1.36   1.16   1.09   1.07   0.90   0.95   0.95   1.02   1.03    MOTOR GAS, TRAN  2035
   0.00   0.00   0.00   0.00   0.00   0.00   0.00   0.00   0.00    DISTILL,   RES   2035
   1.17   1.35   0.94   0.93   0.92   0.79   0.79   0.95   1.32    DISTILL,   TRAN  2035
   0.30   0.23   0.02   0.17   0.33   0.33   0.12   0.19   0.14    JET FUEL,  TRAN  2035
   1.36   1.16   1.09   1.07   0.90   0.95   0.95   1.02   1.03    MOTOR GAS, TRAN  2036
   0.00   0.00   0.00   0.00   0.00   0.00   0.00   0.00   0.00    DISTILL,   RES   2036
   1.17   1.35   0.94   0.93   0.92   0.79   0.79   0.95   1.32    DISTILL,   TRAN  2036
   0.30   0.23   0.02   0.17   0.33   0.33   0.12   0.19   0.14    JET FUEL,  TRAN  2036
   1.36   1.16   1.09   1.07   0.90   0.95   0.95   1.02   1.03    MOTOR GAS, TRAN  2037
   0.00   0.00   0.00   0.00   0.00   0.00   0.00   0.00   0.00    DISTILL,   RES   2037
   1.17   1.35   0.94   0.93   0.92   0.79   0.79   0.95   1.32    DISTILL,   TRAN  2037
   0.30   0.23   0.02   0.17   0.33   0.33   0.12   0.19   0.14    JET FUEL,  TRAN  2037
   1.36   1.16   1.09   1.07   0.90   0.95   0.95   1.02   1.03    MOTOR GAS, TRAN  2038
   0.00   0.00   0.00   0.00   0.00   0.00   0.00   0.00   0.00    DISTILL,   RES   2038
   1.17   1.35   0.94   0.93   0.92   0.79   0.79   0.95   1.32    DISTILL,   TRAN  2038
   0.30   0.23   0.02   0.17   0.33   0.33   0.12   0.19   0.14    JET FUEL,  TRAN  2038
   1.36   1.16   1.09   1.07   0.90   0.95   0.95   1.02   1.03    MOTOR GAS, TRAN  2039
   0.00   0.00   0.00   0.00   0.00   0.00   0.00   0.00   0.00    DISTILL,   RES   2039
   1.17   1.35   0.94   0.93   0.92   0.79   0.79   0.95   1.32    DISTILL,   TRAN  2039
   0.30   0.23   0.02   0.17   0.33   0.33   0.12   0.19   0.14    JET FUEL,  TRAN  2039
   1.36   1.16   1.09   1.07   0.90   0.95   0.95   1.02   1.03    MOTOR GAS, TRAN  2040
   0.00   0.00   0.00   0.00   0.00   0.00   0.00   0.00   0.00    DISTILL,   RES   2040
   1.17   1.35   0.94   0.93   0.92   0.79   0.79   0.95   1.32    DISTILL,   TRAN  2040
   0.30   0.23   0.02   0.17   0.33   0.33   0.12   0.19   0.14    JET FUEL,  TRAN  2040
   1.36   1.16   1.09   1.07   0.90   0.95   0.95   1.02   1.03    MOTOR GAS, TRAN  2041
   0.00   0.00   0.00   0.00   0.00   0.00   0.00   0.00   0.00    DISTILL,   RES   2041
   1.17   1.35   0.94   0.93   0.92   0.79   0.79   0.95   1.32    DISTILL,   TRAN  2041
   0.30   0.23   0.02   0.17   0.33   0.33   0.12   0.19   0.14    JET FUEL,  TRAN  2041
   1.36   1.16   1.09   1.07   0.90   0.95   0.95   1.02   1.03    MOTOR GAS, TRAN  2042
   0.00   0.00   0.00   0.00   0.00   0.00   0.00   0.00   0.00    DISTILL,   RES   2042
   1.17   1.35   0.94   0.93   0.92   0.79   0.79   0.95   1.32    DISTILL,   TRAN  2042
   0.30   0.23   0.02   0.17   0.33   0.33   0.12   0.19   0.14    JET FUEL,  TRAN  2042
   1.36   1.16   1.09   1.07   0.90   0.95   0.95   1.02   1.03    MOTOR GAS, TRAN  2043
   0.00   0.00   0.00   0.00   0.00   0.00   0.00   0.00   0.00    DISTILL,   RES   2043
   1.17   1.35   0.94   0.93   0.92   0.79   0.79   0.95   1.32    DISTILL,   TRAN  2043
   0.30   0.23   0.02   0.17   0.33   0.33   0.12   0.19   0.14    JET FUEL,  TRAN  2043
   1.36   1.16   1.09   1.07   0.90   0.95   0.95   1.02   1.03    MOTOR GAS, TRAN  2044
   0.00   0.00   0.00   0.00   0.00   0.00   0.00   0.00   0.00    DISTILL,   RES   2044
   1.17   1.35   0.94   0.93   0.92   0.79   0.79   0.95   1.32    DISTILL,   TRAN  2044
   0.30   0.23   0.02   0.17   0.33   0.33   0.12   0.19   0.14    JET FUEL,  TRAN  2044
   1.36   1.16   1.09   1.07   0.90   0.95   0.95   1.02   1.03    MOTOR GAS, TRAN  2045
   0.00   0.00   0.00   0.00   0.00   0.00   0.00   0.00   0.00    DISTILL,   RES   2045
   1.17   1.35   0.94   0.93   0.92   0.79   0.79   0.95   1.32    DISTILL,   TRAN  2045
   0.30   0.23   0.02   0.17   0.33   0.33   0.12   0.19   0.14    JET FUEL,  TRAN  2045
   1.36   1.16   1.09   1.07   0.90   0.95   0.95   1.02   1.03    MOTOR GAS, TRAN  2046
   0.00   0.00   0.00   0.00   0.00   0.00   0.00   0.00   0.00    DISTILL,   RES   2046
   1.17   1.35   0.94   0.93   0.92   0.79   0.79   0.95   1.32    DISTILL,   TRAN  2046
   0.30   0.23   0.02   0.17   0.33   0.33   0.12   0.19   0.14    JET FUEL,  TRAN  2046
   1.36   1.16   1.09   1.07   0.90   0.95   0.95   1.02   1.03    MOTOR GAS, TRAN  2047
   0.00   0.00   0.00   0.00   0.00   0.00   0.00   0.00   0.00    DISTILL,   RES   2047
   1.17   1.35   0.94   0.93   0.92   0.79   0.79   0.95   1.32    DISTILL,   TRAN  2047
   0.30   0.23   0.02   0.17   0.33   0.33   0.12   0.19   0.14    JET FUEL,  TRAN  2047
   1.36   1.16   1.09   1.07   0.90   0.95   0.95   1.02   1.03    MOTOR GAS, TRAN  2048
   0.00   0.00   0.00   0.00   0.00   0.00   0.00   0.00   0.00    DISTILL,   RES   2048
   1.17   1.35   0.94   0.93   0.92   0.79   0.79   0.95   1.32    DISTILL,   TRAN  2048
   0.30   0.23   0.02   0.17   0.33   0.33   0.12   0.19   0.14    JET FUEL,  TRAN  2048
   1.36   1.16   1.09   1.07   0.90   0.95   0.95   1.02   1.03    MOTOR GAS, TRAN  2049
   0.00   0.00   0.00   0.00   0.00   0.00   0.00   0.00   0.00    DISTILL,   RES   2049
   1.17   1.35   0.94   0.93   0.92   0.79   0.79   0.95   1.32    DISTILL,   TRAN  2049
   0.30   0.23   0.02   0.17   0.33   0.33   0.12   0.19   0.14    JET FUEL,  TRAN  2049
   1.36   1.16   1.09   1.07   0.90   0.95   0.95   1.02   1.03    MOTOR GAS, TRAN  2050
   0.00   0.00   0.00   0.00   0.00   0.00   0.00   0.00   0.00    DISTILL,   RES   2050
   1.17   1.35   0.94   0.93   0.92   0.79   0.79   0.95   1.32    DISTILL,   TRAN  2050
   0.30   0.23   0.02   0.17   0.33   0.33   0.12   0.19   0.14    JET FUEL,  TRAN  2050
