  COMPOSITE TABLE:
  steoyr  steoflagW steoflagET steoflagC steoflagI steoflagRT steoflagIMP steoflagExports steoflagSTOCKS Bsrzr_util_a Tolerance TolAdjBench1 TolAdjBench2 TolAdjBench3
!---------------------------------------------------------------------------------------------------------------------------------------------------------------------          
  1990       0          0          0         0         0          0           0                0             1           0           0            0            0
  1991       0          0          0         0         0          0           0                0             1           0           0            0            0
  1992       0          0          0         0         0          0           0                0             1           0           0            0            0
  1993       0          0          0         0         0          0           0                0             1           0           0            0            0
  1994       0          0          0         0         0          0           0                0             1           0           0            0            0
  1995       0          0          0         0         0          0           0                0             1           0           0            0            0
  1996       0          0          0         0         0          0           0                0             1           0           0            0            0
  1997       0          0          0         0         0          0           0                0             1           0           0            0            0
  1998       0          0          0         0         0          0           0                0             1           0           0            0            0
  1999       0          0          0         0         0          0           0                0             1           0           0            0            0
  2000       0          0          0         0         0          0           0                0             1           0           0            0            0
  2001       0          0          0         0         0          0           0                0             1           0           0            0            0
  2002       0          0          0         0         0          0           0                0             1           0           0            0            0
  2003       0          0          0         0         0          0           0                0             1           0           0            0            0
  2004       0          0          0         0         0          0           0                0             1           0           0            0            0
  2005       0          0          0         0         0          0           0                0             1           0           0            0            0
  2006       0          0          0         0         0          0           0                0             1           0           0            0            0
  2007       0          0          0         0         0          0           0                0             1           0           0            0            0
  2008       0          0          0         0         0          0           0                0             1           0           0            0            0
  2009       0          0          0         0         0          0           0                0             1           0           0            0            0
  2010       0          0          0         0         0          0           0                0             1           0           0            0            0
  2011       0          0          0         0         0          0           0                0             1           0           0            0            0
  2012       0          0          0         0         0          0           0                0             1           0           0            0            0
  2013       0          0          0         0         0          0           0                0             1           0           0            0            0
  2014       0          0          0         0         0          0           0                0             1           0           0            0            0
  2015       0          0          0         0         0          0           0                0             1           0           0            0            0
  2016       1          1          1         1         1          1           0                1             1.10        0.0001      1.0          3.0          5.0 
  2017       1          1          1         1         1          1           0                1             0.87        0.0100      1.0          3.0          5.0
  2018       1          1          1         1         1          1           0                1             1.00        0.020       1.0          3.0          5.0
  2019       1          1          1         1         1          1           0                1             0.98        0.020       1.0          3.0          5.0
  2020       1          0          1         1         1          1           1                1             0.98        0.020       1.0          3.0          5.0
  2021       1          0          1         1         1          1           1                1             0.78        0.020       1.0          3.0          5.0
  2022       1          0          1         1         1          1           1                1             0.91        0.020       1.0          3.0          5.0
  2023       1          0          1         1         1          1           1                1             0.84        0.020       1.0          3.0          5.0
  2024       0          0          0         0         0          0           0                0             0.94        0.020       1.0          3.0          5.0
  2025       0          0          0         0         0          0           0                0             1.00        0.020       1.0          3.0          5.0
  2026       0          0          0         0         0          0           0                0             1.00        0.020       1.0          3.0          5.0
  2027       0          0          0         0         0          0           0                0             1.00        0.020       1.0          3.0          5.0
  2028       0          0          0         0         0          0           0                0             1.00        0.020       1.0          3.0          5.0
  2029       0          0          0         0         0          0           0                0             1.00        0.020       1.0          3.0          5.0
  2030       0          0          0         0         0          0           0                0             1.00        0.005       1.0          3.0          5.0
  2031       0          0          0         0         0          0           0                0             1.00        0.005       1.0          3.0          5.0
  2032       0          0          0         0         0          0           0                0             1.00        0.005       1.0          3.0          5.0
  2033       0          0          0         0         0          0           0                0             1.00        0.005       1.0          3.0          5.0
  2034       0          0          0         0         0          0           0                0             1.00        0.005       1.0          3.0          5.0
  2035       0          0          0         0         0          0           0                0             1.00        0.005       1.0          3.0          5.0
  2036       0          0          0         0         0          0           0                0             1.00        0.005       1.0          3.0          5.0
  2037       0          0          0         0         0          0           0                0             1.00        0.005       1.0          3.0          5.0
  2038       0          0          0         0         0          0           0                0             1.00        0.005       1.0          3.0          5.0
  2039       0          0          0         0         0          0           0                0             1.00        0.005       1.0          3.0          5.0
  2040       0          0          0         0         0          0           0                0             1.00        0.005       1.0          3.0          5.0
  2041       0          0          0         0         0          0           0                0             1.00        0.005       1.0          3.0          5.0
  2042       0          0          0         0         0          0           0                0             1.00        0.005       1.0          3.0          5.0
  2043       0          0          0         0         0          0           0                0             1.00        0.005       1.0          3.0          5.0
  2044       0          0          0         0         0          0           0                0             1.00        0.005       1.0          3.0          5.0
  2045       0          0          0         0         0          0           0                0             1.00        0.005       1.0          3.0          5.0
  2046       0          0          0         0         0          0           0                0             1.00        0.005       1.0          3.0          5.0
  2047       0          0          0         0         0          0           0                0             1.00        0.005       1.0          3.0          5.0
  2048       0          0          0         0         0          0           0                0             1.00        0.005       1.0          3.0          5.0
  2049       0          0          0         0         0          0           0                0             1.00        0.005       1.0          3.0          5.0
  2050       0          0          0         0         0          0           0                0             1.00        0.005       1.0          3.0          5.0

