COMPOSITE TABLE:
i  tc yr    InternationalDemand
!------------------------------------------------
AS 1  1990  0.20
AS 1  2001  0.00
AS 1  2002  0.00
AS 1  2003  0.00
AS 1  2004  0.00
AS 1  2005  0.00
AS 1  2006  0.00
AS 1  2007  0.00
AS 1  2008  0.26
AS 1  2009  0.22
AS 1  2010  0.35
AS 1  2011  0.48
AS 1  2012  0.47
AS 1  2013  1.02
AS 1  2014  1.92
AS 1  2015  3.29
AS 1  2016  5.26
AS 1  2017  5.03
AS 1  2018  9.90
AS 1  2019  14.67
AS 1  2020  16.33
AS 1  2021  17.69
AS 1  2022  18.85
AS 1  2023  19.82
AS 1  2024  21.18
AS 1  2025  22.00
AS 1  2026  22.22
AS 1  2027  22.43
AS 1  2028  22.65
AS 1  2029  22.88
AS 1  2030  23.10
AS 1  2031  23.33
AS 1  2032  23.56
AS 1  2033  23.79
AS 1  2034  24.02
AS 1  2035  24.26
AS 1  2036  24.49
AS 1  2037  24.73
AS 1  2038  24.98
AS 1  2039  25.22
AS 1  2040  25.47
AS 1  2041  25.72
AS 1  2042  25.97
AS 1  2043  26.22
AS 1  2044  26.48
AS 1  2045  26.74
AS 1  2046  27.00
AS 1  2047  27.27
AS 1  2048  27.54
AS 1  2049  27.81
AS 1  2050  28.08
BT 1  1990  8.50
BT 1  2001  10.40
BT 1  2002  6.50
BT 1  2003  6.70
BT 1  2004  6.90
BT 1  2005  8.90
BT 1  2006  8.80
BT 1  2007  7.30
BT 1  2008  6.97
BT 1  2009  5.14
BT 1  2010  6.97
BT 1  2011  6.86
BT 1  2012  5.24
BT 1  2013  6.93
BT 1  2014  10.12
BT 1  2015  5.19
BT 1  2016  2.86
BT 1  2017  2.89
BT 1  2018  2.91
BT 1  2019  2.31
BT 1  2020  1.81
BT 1  2021  2.31
BT 1  2022  2.31
BT 1  2023  2.31
BT 1  2024  2.21
BT 1  2025  2.20
BT 1  2026  2.20
BT 1  2027  2.20
BT 1  2028  2.20
BT 1  2029  2.20
BT 1  2030  2.20
BT 1  2031  2.20
BT 1  2032  2.20
BT 1  2033  2.20
BT 1  2034  2.20
BT 1  2035  2.20
BT 1  2036  2.20
BT 1  2037  2.20
BT 1  2038  2.20
BT 1  2039  2.20
BT 1  2040  2.20
BT 1  2041  2.20
BT 1  2042  2.20
BT 1  2043  2.20
BT 1  2044  2.20
BT 1  2045  2.20
BT 1  2046  2.20
BT 1  2047  2.20
BT 1  2048  2.20
BT 1  2049  2.20
BT 1  2050  2.20
CH 1  1990  0.00
CH 1  2001  0.00
CH 1  2002  0.00
CH 1  2003  3.10
CH 1  2004  6.20
CH 1  2005  4.30
CH 1  2006  3.50
CH 1  2007  2.80
CH 1  2008  2.40
CH 1  2009  38.13
CH 1  2010  36.22
CH 1  2011  26.71
CH 1  2012  51.50
CH 1  2013  72.44
CH 1  2014  60.01
CH 1  2015  44.42
CH 1  2016  46.55
CH 1  2017  51.87
CH 1  2018  48.36
CH 1  2019  52.87
CH 1  2020  52.67
CH 1  2021  53.64
CH 1  2022  52.67
CH 1  2023  52.67
CH 1  2024  50.44
CH 1  2025  51.00
CH 1  2026  50.90
CH 1  2027  50.80
CH 1  2028  50.69
CH 1  2029  50.59
CH 1  2030  50.49
CH 1  2031  50.39
CH 1  2032  50.29
CH 1  2033  50.19
CH 1  2034  50.09
CH 1  2035  49.99
CH 1  2036  49.88
CH 1  2037  49.78
CH 1  2038  49.68
CH 1  2039  49.58
CH 1  2040  49.49
CH 1  2041  49.39
CH 1  2042  49.29
CH 1  2043  49.19
CH 1  2044  49.09
CH 1  2045  48.99
CH 1  2046  48.89
CH 1  2047  48.79
CH 1  2048  48.70
CH 1  2049  48.60
CH 1  2050  48.50
EA 1  1990  17.00
EA 1  2001  25.60
EA 1  2002  24.10
EA 1  2003  25.20
EA 1  2004  26.40
EA 1  2005  26.30
EA 1  2006  27.30
EA 1  2007  28.00
EA 1  2008  28.45
EA 1  2009  25.92
EA 1  2010  35.41
EA 1  2011  38.88
EA 1  2012  36.42
EA 1  2013  40.06
EA 1  2014  42.90
EA 1  2015  44.12
EA 1  2016  44.93
EA 1  2017  43.62
EA 1  2018  43.58
EA 1  2019  45.29
EA 1  2020  41.01
EA 1  2021  44.22
EA 1  2022  45.48
EA 1  2023  46.84
EA 1  2024  47.42
EA 1  2025  48.00
EA 1  2026  48.19
EA 1  2027  48.38
EA 1  2028  48.57
EA 1  2029  48.77
EA 1  2030  48.96
EA 1  2031  49.15
EA 1  2032  49.35
EA 1  2033  49.55
EA 1  2034  49.74
EA 1  2035  49.94
EA 1  2036  50.14
EA 1  2037  50.34
EA 1  2038  50.54
EA 1  2039  50.74
EA 1  2040  50.94
EA 1  2041  51.14
EA 1  2042  51.34
EA 1  2043  51.55
EA 1  2044  51.75
EA 1  2045  51.96
EA 1  2046  52.16
EA 1  2047  52.37
EA 1  2048  52.58
EA 1  2049  52.79
EA 1  2050  53.00
GY 1  1990  2.80
GY 1  2001  3.60
GY 1  2002  5.30
GY 1  2003  5.80
GY 1  2004  6.90
GY 1  2005  6.10
GY 1  2006  9.00
GY 1  2007  9.50
GY 1  2008  6.67
GY 1  2009  4.57
GY 1  2010  5.80
GY 1  2011  5.44
GY 1  2012  5.96
GY 1  2013  5.25
GY 1  2014  6.35
GY 1  2015  6.44
GY 1  2016  5.55
GY 1  2017  6.83
GY 1  2018  6.18
GY 1  2019  6.42
GY 1  2020  4.51
GY 1  2021  5.12
GY 1  2022  5.09
GY 1  2023  5.29
GY 1  2024  5.19
GY 1  2025  5.15
GY 1  2026  5.15
GY 1  2027  5.15
GY 1  2028  5.15
GY 1  2029  5.15
GY 1  2030  5.15
GY 1  2031  5.15
GY 1  2032  5.15
GY 1  2033  5.15
GY 1  2034  5.15
GY 1  2035  5.15
GY 1  2036  5.15
GY 1  2037  5.15
GY 1  2038  5.15
GY 1  2039  5.15
GY 1  2040  5.15
GY 1  2041  5.15
GY 1  2042  5.15
GY 1  2043  5.15
GY 1  2044  5.15
GY 1  2045  5.15
GY 1  2046  5.15
GY 1  2047  5.15
GY 1  2048  5.15
GY 1  2049  5.15
GY 1  2050  5.15
IN 1  1990  0.00
IN 1  2001  14.20
IN 1  2002  14.60
IN 1  2003  16.30
IN 1  2004  17.10
IN 1  2005  19.80
IN 1  2006  19.00
IN 1  2007  23.10
IN 1  2008  27.59
IN 1  2009  28.73
IN 1  2010  34.62
IN 1  2011  32.33
IN 1  2012  34.83
IN 1  2013  37.49
IN 1  2014  46.08
IN 1  2015  49.32
IN 1  2016  48.38
IN 1  2017  49.05
IN 1  2018  56.36
IN 1  2019  57.14
IN 1  2020  48.88
IN 1  2021  58.89
IN 1  2022  65.69
IN 1  2023  68.71
IN 1  2024  71.72
IN 1  2025  73.00
IN 1  2026  75.71
IN 1  2027  78.52
IN 1  2028  81.44
IN 1  2029  84.46
IN 1  2030  87.60
IN 1  2031  90.85
IN 1  2032  94.23
IN 1  2033  97.73
IN 1  2034  101.36
IN 1  2035  105.12
IN 1  2036  108.66
IN 1  2037  112.32
IN 1  2038  116.10
IN 1  2039  120.00
IN 1  2040  124.04
IN 1  2041  128.22
IN 1  2042  132.53
IN 1  2043  136.99
IN 1  2044  141.60
IN 1  2045  146.37
IN 1  2046  151.30
IN 1  2047  156.39
IN 1  2048  161.65
IN 1  2049  167.09
IN 1  2050  172.72
JA 1  1990  63.20
JA 1  2001  69.20
JA 1  2002  70.40
JA 1  2003  71.30
JA 1  2004  69.00
JA 1  2005  73.30
JA 1  2006  74.50
JA 1  2007  80.80
JA 1  2008  82.14
JA 1  2009  65.01
JA 1  2010  78.21
JA 1  2011  70.84
JA 1  2012  71.29
JA 1  2013  75.77
JA 1  2014  75.01
JA 1  2015  72.80
JA 1  2016  76.57
JA 1  2017  68.66
JA 1  2018  66.97
JA 1  2019  68.22
JA 1  2020  63.75
JA 1  2021  65.79
JA 1  2022  66.96
JA 1  2023  67.34
JA 1  2024  68.32
JA 1  2025  69.00
JA 1  2026  69.27
JA 1  2027  69.55
JA 1  2028  69.82
JA 1  2029  70.10
JA 1  2030  70.38
JA 1  2031  69.81
JA 1  2032  69.24
JA 1  2033  68.68
JA 1  2034  68.12
JA 1  2035  67.56
JA 1  2036  67.02
JA 1  2037  66.47
JA 1  2038  65.93
JA 1  2039  65.39
JA 1  2040  64.86
JA 1  2041  64.33
JA 1  2042  63.81
JA 1  2043  63.29
JA 1  2044  62.78
JA 1  2045  62.27
JA 1  2046  61.76
JA 1  2047  61.26
JA 1  2048  60.76
JA 1  2049  60.27
JA 1  2050  59.78
LA 1  1990  11.30
LA 1  2001  13.50
LA 1  2002  11.60
LA 1  2003  14.20
LA 1  2004  13.10
LA 1  2005  13.40
LA 1  2006  13.90
LA 1  2007  15.70
LA 1  2008  14.29
LA 1  2009  13.05
LA 1  2010  14.27
LA 1  2011  14.75
LA 1  2012  14.37
LA 1  2013  15.04
LA 1  2014  17.15
LA 1  2015  16.30
LA 1  2016  16.14
LA 1  2017  17.03
LA 1  2018  16.91
LA 1  2019  13.60
LA 1  2020  11.86
LA 1  2021  15.03
LA 1  2022  15.85
LA 1  2023  16.26
LA 1  2024  16.36
LA 1  2025  16.36
LA 1  2026  16.58
LA 1  2027  16.81
LA 1  2028  17.04
LA 1  2029  17.27
LA 1  2030  17.50
LA 1  2031  17.74
LA 1  2032  17.98
LA 1  2033  18.23
LA 1  2034  18.48
LA 1  2035  18.73
LA 1  2036  18.98
LA 1  2037  19.24
LA 1  2038  19.50
LA 1  2039  19.77
LA 1  2040  20.04
LA 1  2041  20.31
LA 1  2042  20.59
LA 1  2043  20.87
LA 1  2044  21.15
LA 1  2045  21.44
LA 1  2046  21.73
LA 1  2047  22.03
LA 1  2048  22.33
LA 1  2049  22.63
LA 1  2050  22.94
MX 1  1990  0.00
MX 1  2001  1.00
MX 1  2002  1.00
MX 1  2003  1.00
MX 1  2004  1.00
MX 1  2005  1.10
MX 1  2006  1.00
MX 1  2007  0.90
MX 1  2008  1.90
MX 1  2009  1.01
MX 1  2010  1.48
MX 1  2011  1.27
MX 1  2012  1.03
MX 1  2013  3.45
MX 1  2014  2.08
MX 1  2015  0.67
MX 1  2016  0.57
MX 1  2017  1.04
MX 1  2018  0.82
MX 1  2019  0.41
MX 1  2020  0.41
MX 1  2021  0.61
MX 1  2022  0.92
MX 1  2023  1.02
MX 1  2024  1.02
MX 1  2025  1.02
MX 1  2026  1.02
MX 1  2027  1.03
MX 1  2028  1.03
MX 1  2029  1.03
MX 1  2030  1.03
MX 1  2031  1.03
MX 1  2032  1.04
MX 1  2033  1.04
MX 1  2034  1.04
MX 1  2035  1.04
MX 1  2036  1.05
MX 1  2037  1.05
MX 1  2038  1.05
MX 1  2039  1.05
MX 1  2040  1.05
MX 1  2041  1.06
MX 1  2042  1.06
MX 1  2043  1.06
MX 1  2044  1.06
MX 1  2045  1.06
MX 1  2046  1.07
MX 1  2047  1.07
MX 1  2048  1.07
MX 1  2049  1.07
MX 1  2050  1.07
NE 1  1990  0.00
NE 1  2001  0.00
NE 1  2002  0.00
NE 1  2003  0.00
NE 1  2004  0.00
NE 1  2005  0.00
NE 1  2006  0.00
NE 1  2007  0.00
NE 1  2008  0.00
NE 1  2009  0.00
NE 1  2010  0.00
NE 1  2011  0.00
NE 1  2012  0.00
NE 1  2013  0.00
NE 1  2014  0.00
NE 1  2015  0.00
NE 1  2016  0.00
NE 1  2017  0.00
NE 1  2018  0.00
NE 1  2019  0.00
NE 1  2020  0.00
NE 1  2021  0.00
NE 1  2022  0.00
NE 1  2023  0.00
NE 1  2024  0.00
NE 1  2025  0.00
NE 1  2026  0.00
NE 1  2027  0.00
NE 1  2028  0.00
NE 1  2029  0.00
NE 1  2030  0.00
NE 1  2031  0.00
NE 1  2032  0.00
NE 1  2033  0.00
NE 1  2034  0.00
NE 1  2035  0.00
NE 1  2036  0.00
NE 1  2037  0.00
NE 1  2038  0.00
NE 1  2039  0.00
NE 1  2040  0.00
NE 1  2041  0.00
NE 1  2042  0.00
NE 1  2043  0.00
NE 1  2044  0.00
NE 1  2045  0.00
NE 1  2046  0.00
NE 1  2047  0.00
NE 1  2048  0.00
NE 1  2049  0.00
NE 1  2050  0.00
NI 1  1990  8.70
NI 1  2001  3.40
NI 1  2002  4.10
NI 1  2003  3.20
NI 1  2004  3.20
NI 1  2005  4.20
NI 1  2006  4.20
NI 1  2007  4.20
NI 1  2008  3.51
NI 1  2009  2.34
NI 1  2010  3.30
NI 1  2011  4.01
NI 1  2012  4.66
NI 1  2013  3.58
NI 1  2014  4.20
NI 1  2015  4.15
NI 1  2016  3.65
NI 1  2017  4.00
NI 1  2018  4.47
NI 1  2019  4.04
NI 1  2020  3.19
NI 1  2021  3.51
NI 1  2022  3.72
NI 1  2023  3.72
NI 1  2024  3.83
NI 1  2025  3.70
NI 1  2026  3.71
NI 1  2027  3.71
NI 1  2028  3.72
NI 1  2029  3.73
NI 1  2030  3.74
NI 1  2031  3.74
NI 1  2032  3.75
NI 1  2033  3.76
NI 1  2034  3.77
NI 1  2035  3.77
NI 1  2036  3.78
NI 1  2037  3.79
NI 1  2038  3.80
NI 1  2039  3.80
NI 1  2040  3.81
NI 1  2041  3.82
NI 1  2042  3.83
NI 1  2043  3.83
NI 1  2044  3.84
NI 1  2045  3.85
NI 1  2046  3.86
NI 1  2047  3.87
NI 1  2048  3.87
NI 1  2049  3.88
NI 1  2050  3.89
OW 1  1990  18.60
OW 1  2001  16.60
OW 1  2002  15.50
OW 1  2003  15.30
OW 1  2004  16.60
OW 1  2005  16.20
OW 1  2006  14.50
OW 1  2007  17.10
OW 1  2008  17.84
OW 1  2009  11.99
OW 1  2010  17.98
OW 1  2011  18.79
OW 1  2012  19.95
OW 1  2013  19.56
OW 1  2014  21.24
OW 1  2015  20.17
OW 1  2016  20.02
OW 1  2017  17.11
OW 1  2018  19.46
OW 1  2019  17.45
OW 1  2020  12.94
OW 1  2021  14.85
OW 1  2022  15.25
OW 1  2023  15.95
OW 1  2024  16.15
OW 1  2025  16.00
OW 1  2026  15.94
OW 1  2027  15.87
OW 1  2028  15.81
OW 1  2029  15.74
OW 1  2030  15.68
OW 1  2031  15.62
OW 1  2032  15.55
OW 1  2033  15.49
OW 1  2034  15.43
OW 1  2035  15.37
OW 1  2036  15.30
OW 1  2037  15.24
OW 1  2038  15.18
OW 1  2039  15.12
OW 1  2040  15.06
OW 1  2041  15.00
OW 1  2042  14.94
OW 1  2043  14.88
OW 1  2044  14.82
OW 1  2045  14.76
OW 1  2046  14.70
OW 1  2047  14.64
OW 1  2048  14.58
OW 1  2049  14.52
OW 1  2050  14.46
PS 1  1990  4.40
PS 1  2001  4.40
PS 1  2002  4.10
PS 1  2003  4.60
PS 1  2004  4.20
PS 1  2005  5.30
PS 1  2006  4.40
PS 1  2007  4.50
PS 1  2008  2.81
PS 1  2009  2.33
PS 1  2010  3.23
PS 1  2011  2.41
PS 1  2012  2.13
PS 1  2013  2.83
PS 1  2014  2.22
PS 1  2015  2.05
PS 1  2016  2.29
PS 1  2017  1.90
PS 1  2018  2.04
PS 1  2019  0.90
PS 1  2020  0.70
PS 1  2021  1.00
PS 1  2022  1.00
PS 1  2023  1.00
PS 1  2024  1.00
PS 1  2025  1.00
PS 1  2026  1.00
PS 1  2027  0.99
PS 1  2028  0.99
PS 1  2029  0.98
PS 1  2030  0.98
PS 1  2031  0.98
PS 1  2032  0.97
PS 1  2033  0.97
PS 1  2034  0.96
PS 1  2035  0.96
PS 1  2036  0.96
PS 1  2037  0.95
PS 1  2038  0.95
PS 1  2039  0.95
PS 1  2040  0.94
PS 1  2041  0.94
PS 1  2042  0.93
PS 1  2043  0.93
PS 1  2044  0.93
PS 1  2045  0.92
PS 1  2046  0.92
PS 1  2047  0.91
PS 1  2048  0.91
PS 1  2049  0.91
PS 1  2050  0.90
RM 1  1990  18.90
RM 1  2001  6.50
RM 1  2002  7.40
RM 1  2003  7.50
RM 1  2004  8.40
RM 1  2005  9.40
RM 1  2006  9.80
RM 1  2007  11.60
RM 1  2008  17.53
RM 1  2009  8.57
RM 1  2010  12.53
RM 1  2011  11.89
RM 1  2012  10.89
RM 1  2013  12.54
RM 1  2014  15.30
RM 1  2015  14.43
RM 1  2016  13.44
RM 1  2017  15.47
RM 1  2018  15.99
RM 1  2019  14.14
RM 1  2020  11.84
RM 1  2021  13.94
RM 1  2022  14.65
RM 1  2023  16.05
RM 1  2024  16.15
RM 1  2025  16.00
RM 1  2026  16.00
RM 1  2027  16.00
RM 1  2028  16.00
RM 1  2029  16.00
RM 1  2030  16.00
RM 1  2031  16.00
RM 1  2032  16.00
RM 1  2033  16.00
RM 1  2034  16.00
RM 1  2035  16.00
RM 1  2036  16.00
RM 1  2037  16.00
RM 1  2038  16.00
RM 1  2039  16.00
RM 1  2040  16.00
RM 1  2041  16.00
RM 1  2042  16.00
RM 1  2043  16.00
RM 1  2044  16.00
RM 1  2045  16.00
RM 1  2046  16.00
RM 1  2047  16.00
RM 1  2048  16.00
RM 1  2049  16.00
RM 1  2050  16.00
SC 1  1990  3.00
SC 1  2001  3.30
SC 1  2002  3.00
SC 1  2003  2.80
SC 1  2004  3.10
SC 1  2005  3.70
SC 1  2006  2.90
SC 1  2007  3.10
SC 1  2008  2.94
SC 1  2009  2.08
SC 1  2010  2.90
SC 1  2011  2.67
SC 1  2012  2.63
SC 1  2013  2.84
SC 1  2014  2.95
SC 1  2015  3.10
SC 1  2016  2.76
SC 1  2017  2.90
SC 1  2018  3.52
SC 1  2019  3.01
SC 1  2020  2.21
SC 1  2021  2.21
SC 1  2022  2.31
SC 1  2023  2.31
SC 1  2024  2.31
SC 1  2025  2.30
SC 1  2026  2.29
SC 1  2027  2.27
SC 1  2028  2.26
SC 1  2029  2.24
SC 1  2030  2.23
SC 1  2031  2.22
SC 1  2032  2.20
SC 1  2033  2.19
SC 1  2034  2.18
SC 1  2035  2.16
SC 1  2036  2.15
SC 1  2037  2.14
SC 1  2038  2.12
SC 1  2039  2.11
SC 1  2040  2.10
SC 1  2041  2.09
SC 1  2042  2.07
SC 1  2043  2.06
SC 1  2044  2.05
SC 1  2045  2.04
SC 1  2046  2.02
SC 1  2047  2.01
SC 1  2048  2.00
SC 1  2049  1.99
SC 1  2050  1.98
TL 1  1990  7.50
TL 1  2001  8.60
TL 1  2002  6.10
TL 1  2003  6.60
TL 1  2004  6.20
TL 1  2005  8.30
TL 1  2006  8.30
TL 1  2007  8.50
TL 1  2008  6.43
TL 1  2009  4.50
TL 1  2010  6.36
TL 1  2011  8.08
TL 1  2012  6.63
TL 1  2013  4.61
TL 1  2014  3.78
TL 1  2015  3.52
TL 1  2016  2.88
TL 1  2017  2.88
TL 1  2018  3.01
TL 1  2019  2.91
TL 1  2020  2.51
TL 1  2021  2.91
TL 1  2022  2.91
TL 1  2023  2.81
TL 1  2024  2.81
TL 1  2025  2.81
TL 1  2026  2.80
TL 1  2027  2.79
TL 1  2028  2.77
TL 1  2029  2.76
TL 1  2030  2.75
TL 1  2031  2.74
TL 1  2032  2.73
TL 1  2033  2.72
TL 1  2034  2.71
TL 1  2035  2.70
TL 1  2036  2.69
TL 1  2037  2.68
TL 1  2038  2.66
TL 1  2039  2.65
TL 1  2040  2.64
TL 1  2041  2.63
TL 1  2042  2.62
TL 1  2043  2.61
TL 1  2044  2.60
TL 1  2045  2.59
TL 1  2046  2.58
TL 1  2047  2.57
TL 1  2048  2.56
TL 1  2049  2.55
TL 1  2050  2.54
AS 2  1990  3.20
AS 2  2001  15.50
AS 2  2002  16.50
AS 2  2003  15.20
AS 2  2004  18.30
AS 2  2005  20.60
AS 2  2006  24.10
AS 2  2007  32.40
AS 2  2008  32.05
AS 2  2009  33.09
AS 2  2010  41.64
AS 2  2011  44.94
AS 2  2012  46.73
AS 2  2013  50.59
AS 2  2014  53.27
AS 2  2015  63.97
AS 2  2016  72.30
AS 2  2017  79.42
AS 2  2018  91.87
AS 2  2019  117.09
AS 2  2020  130.99
AS 2  2021  144.72
AS 2  2022  149.52
AS 2  2023  152.64
AS 2  2024  152.05
AS 2  2025  150.00
AS 2  2026  152.61
AS 2  2027  155.26
AS 2  2028  157.96
AS 2  2029  160.71
AS 2  2030  163.50
AS 2  2031  166.34
AS 2  2032  169.23
AS 2  2033  172.18
AS 2  2034  175.17
AS 2  2035  178.22
AS 2  2036  181.31
AS 2  2037  184.47
AS 2  2038  187.67
AS 2  2039  190.93
AS 2  2040  194.25
AS 2  2041  197.63
AS 2  2042  201.07
AS 2  2043  204.56
AS 2  2044  208.12
AS 2  2045  211.74
AS 2  2046  215.42
AS 2  2047  219.16
AS 2  2048  222.97
AS 2  2049  226.85
AS 2  2050  230.79
BT 2  1990  8.60
BT 2  2001  25.10
BT 2  2002  24.10
BT 2  2003  25.80
BT 2  2004  29.70
BT 2  2005  35.70
BT 2  2006  41.70
BT 2  2007  32.40
BT 2  2008  32.86
BT 2  2009  26.05
BT 2  2010  15.27
BT 2  2011  22.26
BT 2  2012  31.79
BT 2  2013  32.11
BT 2  2014  25.59
BT 2  2015  14.36
BT 2  2016  3.50
BT 2  2017  5.56
BT 2  2018  7.24
BT 2  2019  2.55
BT 2  2020  1.64
BT 2  2021  2.01
BT 2  2022  1.46
BT 2  2023  1.00
BT 2  2024  0.91
BT 2  2025  0.90
BT 2  2026  0.89
BT 2  2027  0.88
BT 2  2028  0.87
BT 2  2029  0.86
BT 2  2030  0.86
BT 2  2031  0.85
BT 2  2032  0.84
BT 2  2033  0.83
BT 2  2034  0.82
BT 2  2035  0.81
BT 2  2036  0.80
BT 2  2037  0.80
BT 2  2038  0.79
BT 2  2039  0.78
BT 2  2040  0.77
BT 2  2041  0.77
BT 2  2042  0.77
BT 2  2043  0.77
BT 2  2044  0.77
BT 2  2045  0.76
BT 2  2046  0.76
BT 2  2047  0.76
BT 2  2048  0.76
BT 2  2049  0.76
BT 2  2050  0.76
CH 2  1990  7.90
CH 2  2001  9.80
CH 2  2002  17.80
CH 2  2003  15.90
CH 2  2004  19.20
CH 2  2005  24.90
CH 2  2006  40.80
CH 2  2007  46.90
CH 2  2008  41.85
CH 2  2009  87.99
CH 2  2010  113.91
CH 2  2011  136.04
CH 2  2012  159.92
CH 2  2013  175.43
CH 2  2014  131.94
CH 2  2015  96.89
CH 2  2016  115.70
CH 2  2017  105.52
CH 2  2018  110.96
CH 2  2019  123.66
CH 2  2020  116.92
CH 2  2021  118.35
CH 2  2022  109.51
CH 2  2023  105.80
CH 2  2024  105.80
CH 2  2025  110.00
CH 2  2026  109.56
CH 2  2027  109.11
CH 2  2028  108.67
CH 2  2029  108.24
CH 2  2030  107.80
CH 2  2031  107.37
CH 2  2032  106.93
CH 2  2033  106.50
CH 2  2034  106.07
CH 2  2035  105.64
CH 2  2036  105.22
CH 2  2037  104.79
CH 2  2038  104.37
CH 2  2039  103.95
CH 2  2040  103.53
CH 2  2041  103.11
CH 2  2042  102.70
CH 2  2043  102.28
CH 2  2044  101.87
CH 2  2045  101.46
CH 2  2046  101.05
CH 2  2047  100.64
CH 2  2048  100.24
CH 2  2049  99.83
CH 2  2050  99.43
EA 2  1990  24.50
EA 2  2001  84.30
EA 2  2002  84.20
EA 2  2003  89.40
EA 2  2004  96.40
EA 2  2005  94.80
EA 2  2006  104.20
EA 2  2007  106.40
EA 2  2008  112.36
EA 2  2009  113.97
EA 2  2010  125.99
EA 2  2011  127.45
EA 2  2012  122.61
EA 2  2013  124.03
EA 2  2014  125.93
EA 2  2015  124.43
EA 2  2016  129.26
EA 2  2017  139.32
EA 2  2018  140.35
EA 2  2019  133.52
EA 2  2020  121.47
EA 2  2021  126.02
EA 2  2022  128.88
EA 2  2023  129.14
EA 2  2024  128.72
EA 2  2025  130.00
EA 2  2026  123.75
EA 2  2027  117.79
EA 2  2028  112.12
EA 2  2029  106.73
EA 2  2030  101.60
EA 2  2031  103.75
EA 2  2032  105.95
EA 2  2033  108.20
EA 2  2034  110.49
EA 2  2035  112.84
EA 2  2036  113.84
EA 2  2037  114.86
EA 2  2038  115.88
EA 2  2039  116.91
EA 2  2040  117.95
EA 2  2041  120.01
EA 2  2042  122.10
EA 2  2043  124.23
EA 2  2044  126.39
EA 2  2045  128.60
EA 2  2046  130.55
EA 2  2047  132.54
EA 2  2048  134.55
EA 2  2049  136.60
EA 2  2050  138.67
GY 2  1990  12.50
GY 2  2001  15.40
GY 2  2002  18.30
GY 2  2003  23.10
GY 2  2004  26.70
GY 2  2005  25.20
GY 2  2006  26.50
GY 2  2007  34.30
GY 2  2008  18.90
GY 2  2009  15.36
GY 2  2010  16.72
GY 2  2011  16.73
GY 2  2012  17.23
GY 2  2013  19.52
GY 2  2014  18.86
GY 2  2015  21.33
GY 2  2016  20.79
GY 2  2017  21.34
GY 2  2018  20.32
GY 2  2019  23.07
GY 2  2020  17.87
GY 2  2021  18.87
GY 2  2022  17.60
GY 2  2023  14.86
GY 2  2024  14.22
GY 2  2025  14.00
GY 2  2026  13.86
GY 2  2027  13.72
GY 2  2028  13.58
GY 2  2029  13.44
GY 2  2030  13.30
GY 2  2031  13.16
GY 2  2032  13.03
GY 2  2033  12.90
GY 2  2034  12.77
GY 2  2035  12.64
GY 2  2036  12.51
GY 2  2037  12.38
GY 2  2038  12.25
GY 2  2039  12.13
GY 2  2040  12.00
GY 2  2041  11.98
GY 2  2042  11.96
GY 2  2043  11.93
GY 2  2044  11.91
GY 2  2045  11.88
GY 2  2046  11.86
GY 2  2047  11.84
GY 2  2048  11.81
GY 2  2049  11.79
GY 2  2050  11.76
IN 2  1990  0.00
IN 2  2001  10.20
IN 2  2002  11.50
IN 2  2003  14.40
IN 2  2004  16.10
IN 2  2005  23.10
IN 2  2006  27.00
IN 2  2007  32.90
IN 2  2008  32.99
IN 2  2009  52.20
IN 2  2010  65.69
IN 2  2011  80.66
IN 2  2012  106.94
IN 2  2013  123.79
IN 2  2014  152.55
IN 2  2015  147.44
IN 2  2016  130.57
IN 2  2017  137.78
IN 2  2018  156.27
IN 2  2019  168.73
IN 2  2020  152.64
IN 2  2021  167.80
IN 2  2022  175.21
IN 2  2023  183.05
IN 2  2024  184.82
IN 2  2025  186.00
IN 2  2026  194.49
IN 2  2027  203.37
IN 2  2028  212.65
IN 2  2029  222.35
IN 2  2030  232.50
IN 2  2031  243.11
IN 2  2032  254.21
IN 2  2033  265.81
IN 2  2034  277.94
IN 2  2035  290.63
IN 2  2036  298.86
IN 2  2037  307.34
IN 2  2038  316.05
IN 2  2039  325.01
IN 2  2040  334.22
IN 2  2041  343.69
IN 2  2042  353.44
IN 2  2043  363.45
IN 2  2044  373.76
IN 2  2045  384.35
IN 2  2046  395.25
IN 2  2047  406.45
IN 2  2048  417.97
IN 2  2049  429.82
IN 2  2050  442.00
JA 2  1990  38.50
JA 2  2001  75.20
JA 2  2002  75.80
JA 2  2003  83.00
JA 2  2004  91.70
JA 2  2005  88.80
JA 2  2006  87.80
JA 2  2007  91.90
JA 2  2008  91.41
JA 2  2009  78.90
JA 2  2010  89.09
JA 2  2011  87.73
JA 2  2012  93.46
JA 2  2013  97.66
JA 2  2014  92.33
JA 2  2015  96.71
JA 2  2016  93.09
JA 2  2017  99.15
JA 2  2018  98.24
JA 2  2019  93.42
JA 2  2020  88.11
JA 2  2021  89.88
JA 2  2022  90.64
JA 2  2023  90.47
JA 2  2024  90.64
JA 2  2025  91.00
JA 2  2026  92.73
JA 2  2027  94.50
JA 2  2028  96.30
JA 2  2029  98.13
JA 2  2030  100.00
JA 2  2031  101.64
JA 2  2032  103.30
JA 2  2033  104.99
JA 2  2034  106.71
JA 2  2035  108.46
JA 2  2036  103.96
JA 2  2037  99.65
JA 2  2038  95.52
JA 2  2039  91.56
JA 2  2040  87.77
JA 2  2041  83.32
JA 2  2042  79.10
JA 2  2043  75.10
JA 2  2044  71.29
JA 2  2045  67.68
JA 2  2046  67.53
JA 2  2047  67.38
JA 2  2048  67.23
JA 2  2049  67.08
JA 2  2050  66.93
LA 2  1990  1.40
LA 2  2001  5.70
LA 2  2002  6.30
LA 2  2003  5.00
LA 2  2004  7.70
LA 2  2005  8.10
LA 2  2006  9.00
LA 2  2007  12.00
LA 2  2008  14.77
LA 2  2009  11.28
LA 2  2010  13.00
LA 2  2011  15.75
LA 2  2012  16.02
LA 2  2013  19.02
LA 2  2014  18.94
LA 2  2015  19.73
LA 2  2016  22.19
LA 2  2017  21.88
LA 2  2018  21.85
LA 2  2019  22.61
LA 2  2020  19.82
LA 2  2021  20.84
LA 2  2022  21.77
LA 2  2023  22.24
LA 2  2024  22.51
LA 2  2025  22.80
LA 2  2026  23.11
LA 2  2027  23.43
LA 2  2028  23.74
LA 2  2029  24.07
LA 2  2030  24.40
LA 2  2031  24.73
LA 2  2032  25.07
LA 2  2033  25.41
LA 2  2034  25.75
LA 2  2035  26.10
LA 2  2036  26.46
LA 2  2037  26.82
LA 2  2038  27.19
LA 2  2039  27.56
LA 2  2040  27.93
LA 2  2041  28.20
LA 2  2042  28.48
LA 2  2043  28.76
LA 2  2044  29.04
LA 2  2045  29.33
LA 2  2046  29.62
LA 2  2047  29.91
LA 2  2048  30.20
LA 2  2049  30.49
LA 2  2050  30.79
MX 2  1990  0.20
MX 2  2001  2.10
MX 2  2002  4.60
MX 2  2003  5.70
MX 2  2004  3.00
MX 2  2005  6.00
MX 2  2006  5.70
MX 2  2007  4.40
MX 2  2008  2.76
MX 2  2009  4.87
MX 2  2010  5.56
MX 2  2011  5.33
MX 2  2012  6.00
MX 2  2013  3.41
MX 2  2014  4.79
MX 2  2015  6.27
MX 2  2016  6.68
MX 2  2017  8.63
MX 2  2018  9.59
MX 2  2019  6.88
MX 2  2020  5.58
MX 2  2021  6.33
MX 2  2022  6.98
MX 2  2023  7.63
MX 2  2024  7.91
MX 2  2025  8.00
MX 2  2026  8.00
MX 2  2027  8.00
MX 2  2028  8.00
MX 2  2029  8.00
MX 2  2030  8.00
MX 2  2031  8.00
MX 2  2032  8.00
MX 2  2033  8.00
MX 2  2034  8.00
MX 2  2035  8.00
MX 2  2036  8.00
MX 2  2037  8.00
MX 2  2038  8.00
MX 2  2039  8.00
MX 2  2040  8.00
MX 2  2041  8.03
MX 2  2042  8.06
MX 2  2043  8.10
MX 2  2044  8.13
MX 2  2045  8.16
MX 2  2046  8.19
MX 2  2047  8.22
MX 2  2048  8.26
MX 2  2049  8.29
MX 2  2050  8.32
NE 2  1990  0.20
NE 2  2001  2.80
NE 2  2002  2.60
NE 2  2003  1.90
NE 2  2004  2.30
NE 2  2005  2.60
NE 2  2006  2.60
NE 2  2007  2.00
NE 2  2008  2.10
NE 2  2009  1.70
NE 2  2010  1.70
NE 2  2011  1.50
NE 2  2012  1.40
NE 2  2013  1.40
NE 2  2014  1.40
NE 2  2015  1.50
NE 2  2016  1.50
NE 2  2017  1.50
NE 2  2018  1.50
NE 2  2019  1.50
NE 2  2020  1.50
NE 2  2021  1.40
NE 2  2022  1.30
NE 2  2023  1.20
NE 2  2024  1.10
NE 2  2025  1.00
NE 2  2026  0.90
NE 2  2027  0.80
NE 2  2028  0.70
NE 2  2029  0.60
NE 2  2030  0.50
NE 2  2031  0.50
NE 2  2032  0.50
NE 2  2033  0.50
NE 2  2034  0.50
NE 2  2035  0.50
NE 2  2036  0.50
NE 2  2037  0.50
NE 2  2038  0.50
NE 2  2039  0.50
NE 2  2040  0.50
NE 2  2041  0.50
NE 2  2042  0.50
NE 2  2043  0.50
NE 2  2044  0.50
NE 2  2045  0.50
NE 2  2046  0.50
NE 2  2047  0.50
NE 2  2048  0.50
NE 2  2049  0.50
NE 2  2050  0.50
NI 2  1990  7.80
NI 2  2001  12.20
NI 2  2002  10.30
NI 2  2003  14.80
NI 2  2004  14.80
NI 2  2005  5.40
NI 2  2006  5.40
NI 2  2007  5.40
NI 2  2008  17.82
NI 2  2009  8.42
NI 2  2010  8.19
NI 2  2011  3.45
NI 2  2012  2.87
NI 2  2013  4.14
NI 2  2014  3.36
NI 2  2015  3.41
NI 2  2016  2.33
NI 2  2017  2.53
NI 2  2018  3.05
NI 2  2019  2.74
NI 2  2020  1.91
NI 2  2021  2.37
NI 2  2022  2.37
NI 2  2023  2.37
NI 2  2024  2.37
NI 2  2025  2.00
NI 2  2026  1.99
NI 2  2027  1.98
NI 2  2028  1.98
NI 2  2029  1.97
NI 2  2030  1.96
NI 2  2031  1.95
NI 2  2032  1.94
NI 2  2033  1.94
NI 2  2034  1.93
NI 2  2035  1.92
NI 2  2036  1.91
NI 2  2037  1.91
NI 2  2038  1.90
NI 2  2039  1.89
NI 2  2040  1.88
NI 2  2041  1.87
NI 2  2042  1.87
NI 2  2043  1.86
NI 2  2044  1.85
NI 2  2045  1.84
NI 2  2046  1.84
NI 2  2047  1.83
NI 2  2048  1.82
NI 2  2049  1.82
NI 2  2050  1.81
OW 2  1990  16.30
OW 2  2001  24.10
OW 2  2002  22.00
OW 2  2003  22.80
OW 2  2004  23.80
OW 2  2005  23.80
OW 2  2006  23.70
OW 2  2007  23.00
OW 2  2008  45.08
OW 2  2009  39.89
OW 2  2010  32.84
OW 2  2011  39.25
OW 2  2012  39.82
OW 2  2013  41.07
OW 2  2014  33.94
OW 2  2015  31.18
OW 2  2016  31.52
OW 2  2017  24.35
OW 2  2018  21.91
OW 2  2019  16.50
OW 2  2020  12.22
OW 2  2021  11.76
OW 2  2022  11.67
OW 2  2023  11.03
OW 2  2024  10.94
OW 2  2025  10.87
OW 2  2026  10.81
OW 2  2027  10.74
OW 2  2028  10.68
OW 2  2029  10.61
OW 2  2030  10.55
OW 2  2031  10.48
OW 2  2032  10.42
OW 2  2033  10.36
OW 2  2034  10.29
OW 2  2035  10.23
OW 2  2036  10.17
OW 2  2037  10.11
OW 2  2038  10.05
OW 2  2039  9.99
OW 2  2040  9.92
OW 2  2041  9.86
OW 2  2042  9.80
OW 2  2043  9.75
OW 2  2044  9.69
OW 2  2045  9.63
OW 2  2046  9.57
OW 2  2047  9.51
OW 2  2048  9.45
OW 2  2049  9.40
OW 2  2050  9.34
PS 2  1990  8.90
PS 2  2001  19.40
PS 2  2002  21.20
PS 2  2003  21.30
PS 2  2004  19.80
PS 2  2005  22.90
PS 2  2006  23.20
PS 2  2007  18.40
PS 2  2008  19.12
PS 2  2009  17.13
PS 2  2010  10.39
PS 2  2011  13.96
PS 2  2012  19.04
PS 2  2013  13.84
PS 2  2014  18.96
PS 2  2015  21.53
PS 2  2016  16.90
PS 2  2017  21.65
PS 2  2018  16.79
PS 2  2019  7.84
PS 2  2020  5.11
PS 2  2021  6.20
PS 2  2022  5.11
PS 2  2023  4.56
PS 2  2024  4.56
PS 2  2025  4.54
PS 2  2026  4.52
PS 2  2027  4.49
PS 2  2028  4.46
PS 2  2029  4.44
PS 2  2030  4.41
PS 2  2031  4.38
PS 2  2032  4.35
PS 2  2033  4.33
PS 2  2034  4.30
PS 2  2035  4.28
PS 2  2036  4.25
PS 2  2037  4.22
PS 2  2038  4.20
PS 2  2039  4.17
PS 2  2040  4.15
PS 2  2041  4.12
PS 2  2042  4.10
PS 2  2043  4.07
PS 2  2044  4.05
PS 2  2045  4.02
PS 2  2046  4.00
PS 2  2047  3.97
PS 2  2048  3.95
PS 2  2049  3.93
PS 2  2050  3.90
RM 2  1990  9.50
RM 2  2001  25.40
RM 2  2002  22.30
RM 2  2003  26.40
RM 2  2004  26.70
RM 2  2005  26.50
RM 2  2006  29.10
RM 2  2007  32.10
RM 2  2008  37.23
RM 2  2009  29.96
RM 2  2010  36.87
RM 2  2011  38.59
RM 2  2012  40.79
RM 2  2013  39.17
RM 2  2014  41.22
RM 2  2015  45.71
RM 2  2016  49.19
RM 2  2017  51.88
RM 2  2018  52.44
RM 2  2019  52.43
RM 2  2020  47.69
RM 2  2021  49.97
RM 2  2022  49.79
RM 2  2023  50.51
RM 2  2024  51.06
RM 2  2025  50.78
RM 2  2026  50.05
RM 2  2027  49.33
RM 2  2028  48.62
RM 2  2029  47.92
RM 2  2030  47.23
RM 2  2031  47.41
RM 2  2032  47.60
RM 2  2033  47.79
RM 2  2034  47.98
RM 2  2035  48.17
RM 2  2036  48.36
RM 2  2037  48.55
RM 2  2038  48.75
RM 2  2039  48.94
RM 2  2040  49.13
RM 2  2041  49.33
RM 2  2042  49.53
RM 2  2043  49.72
RM 2  2044  49.92
RM 2  2045  50.12
RM 2  2046  50.32
RM 2  2047  50.52
RM 2  2048  50.72
RM 2  2049  50.92
RM 2  2050  51.12
SC 2  1990  14.00
SC 2  2001  11.70
SC 2  2002  13.60
SC 2  2003  14.70
SC 2  2004  13.80
SC 2  2005  9.60
SC 2  2006  10.80
SC 2  2007  11.60
SC 2  2008  9.74
SC 2  2009  10.42
SC 2  2010  8.24
SC 2  2011  13.30
SC 2  2012  7.31
SC 2  2013  6.95
SC 2  2014  7.19
SC 2  2015  3.78
SC 2  2016  4.50
SC 2  2017  4.13
SC 2  2018  4.32
SC 2  2019  3.65
SC 2  2020  2.28
SC 2  2021  2.28
SC 2  2022  1.64
SC 2  2023  1.28
SC 2  2024  1.28
SC 2  2025  1.30
SC 2  2026  1.29
SC 2  2027  1.27
SC 2  2028  1.26
SC 2  2029  1.25
SC 2  2030  1.24
SC 2  2031  1.22
SC 2  2032  1.21
SC 2  2033  1.20
SC 2  2034  1.19
SC 2  2035  1.17
SC 2  2036  1.16
SC 2  2037  1.15
SC 2  2038  1.14
SC 2  2039  1.13
SC 2  2040  1.11
SC 2  2041  1.11
SC 2  2042  1.11
SC 2  2043  1.11
SC 2  2044  1.11
SC 2  2045  1.10
SC 2  2046  1.10
SC 2  2047  1.10
SC 2  2048  1.10
SC 2  2049  1.09
SC 2  2050  1.09
TL 2  1990  9.50
TL 2  2001  11.40
TL 2  2002  11.50
TL 2  2003  12.80
TL 2  2004  14.60
TL 2  2005  13.60
TL 2  2006  14.20
TL 2  2007  12.20
TL 2  2008  12.77
TL 2  2009  12.76
TL 2  2010  12.42
TL 2  2011  12.60
TL 2  2012  15.22
TL 2  2013  13.29
TL 2  2014  12.81
TL 2  2015  13.77
TL 2  2016  12.22
TL 2  2017  10.45
TL 2  2018  8.94
TL 2  2019  6.29
TL 2  2020  5.56
TL 2  2021  5.93
TL 2  2022  5.93
TL 2  2023  5.47
TL 2  2024  5.38
TL 2  2025  5.30
TL 2  2026  5.25
TL 2  2027  5.19
TL 2  2028  5.14
TL 2  2029  5.09
TL 2  2030  5.04
TL 2  2031  4.98
TL 2  2032  4.93
TL 2  2033  4.88
TL 2  2034  4.83
TL 2  2035  4.78
TL 2  2036  4.73
TL 2  2037  4.69
TL 2  2038  4.64
TL 2  2039  4.59
TL 2  2040  4.54
TL 2  2041  4.53
TL 2  2042  4.53
TL 2  2043  4.52
TL 2  2044  4.51
TL 2  2045  4.50
TL 2  2046  4.49
TL 2  2047  4.48
TL 2  2048  4.47
TL 2  2049  4.46
TL 2  2050  4.45
