7,Food,1,2.89,3.66,3.6,1.04,0.33,0.68,0.33,0.12,0,0.01,0.02,0
,,2,7.6,9.64,13.73,3.97,0.88,2.59,0.88,0.59,0,0.03,0.04,0
,,3,10.59,13.44,27.53,7.97,1.22,5.19,1.22,0.75,0,0.05,0.06,0
,,4,4.93,6.26,8.13,2.35,0.57,1.53,0.57,0.43,0,0.02,0.03,0
*,,,,,,,,,,,,,,
8,Paper,1,1,1.11,1.22,0,0.33,0.14,0.11,0.13,0.03,0.41,0.01,0
,,2,2.63,2.92,4.66,0,0.88,0.52,0.29,0.62,0.11,1.55,0.03,0
,,3,3.66,4.07,9.35,0,1.22,1.04,0.41,0.79,1.83,3.12,0.04,0
,,4,1.71,1.9,2.76,0,0.57,0.31,0.19,0.45,0.03,0.92,0.02,0
*,,,,,,,,,,,,,,
9,BulkChem,1,1.12,1.91,1.37,0,0.23,0.48,0.01,0.07,0,0.01,0.01,0.14
,,2,2.96,5.03,5.22,0,0.62,1.84,0.03,0.34,0.01,0.03,0.03,0.54
,,3,4.12,7,10.46,0,0.86,3.7,0.04,0.43,0.1,0.06,0.05,1.08
,,4,1.92,3.26,3.09,0,0.4,1.09,0.02,0.25,0,0.02,0.02,0.32
*,,,,,,,,,,,,,,
10,Glass,1,0.23,0.34,0.34,0,0.01,0,0.01,0.01,0,0,0,0.01
,,2,0.61,0.91,1.3,0,0.02,0.02,0.02,0.03,0,0.02,0,0.04
,,3,0.86,1.26,2.6,0,0.03,0.03,0.02,0.04,0.06,0.03,0,0.08
,,4,0.4,0.59,0.77,0,0.01,0.01,0.01,0.02,0,0.01,0,0.02
*,,,,,,,,,,,,,,
11,Cement/Lime,1,0.12,0.12,0.01,0,0,0,0,0.13,0,0,0,0
,,2,0.31,0.32,0.05,0,0.01,0.01,0.01,0.62,0,0,0,0
,,3,0.43,0.45,0.1,0,0.01,0.02,0.01,0.79,0,0,0,0
,,4,0.2,0.21,0.03,0,0.01,0.01,0.01,0.45,0,0,0,0
*,,,,,,,,,,,,,,
12,Steel,1,0.79,0.68,1.23,0,0.13,0.08,0.02,0.28,0,0,0.03,0.14
,,2,2.07,1.78,4.69,0,0.35,0.31,0.04,1.3,0.01,0.02,0.07,0.54
,,3,2.89,2.48,9.4,0,0.49,0.62,0.06,1.67,0.14,0.03,0.1,1.09
,,4,1.35,1.16,2.78,0,0.23,0.18,0.03,0.95,0,0.01,0.05,0.32
*,,,,,,,,,,,,,,
13,Aluminum,1,0.33,0.22,0.54,0,0,0.07,0.01,0.07,0,0,0.11,0
,,2,0.88,0.58,2.07,0,0,0.26,0.01,0.31,0,0.01,0.29,0
,,3,1.22,0.81,4.16,0,0,0.52,0.02,0.4,0.05,0.02,0.41,0
,,4,0.57,0.38,1.23,0,0,0.15,0.01,0.23,0,0.01,0.19,0
*,,,,,,,,,,,,,,
14,FabMetal,1,1.44,1.89,2.11,0.53,0.33,0.14,0.11,0,0.03,0.01,0.01,0
,,2,3.8,4.97,8.03,2,0.88,0.52,0.29,0,0.11,0.03,0.03,0
,,3,5.29,6.92,16.1,4.01,1.22,1.04,0.41,0,1.83,0.05,0.04,0
,,4,2.46,3.22,4.76,1.19,0.57,0.31,0.19,0,0.03,0.02,0.02,0
*,,,,,,,,,,,,,,
15,Machinery,1,1,1.44,1.7,0.3,0.33,0.07,0.11,0.05,0,0.01,0.01,0
,,2,2.63,3.8,6.48,1.14,0.88,0.26,0.29,0.22,0,0.03,0.03,0
,,3,3.66,5.29,12.99,2.29,1.22,0.52,0.41,0.28,0,0.05,0.04,0
,,4,1.71,2.46,3.84,0.68,0.57,0.15,0.19,0.16,0,0.02,0.02,0
*,,,,,,,,,,,,,,
16,Computer,1,0.67,2.11,1.02,0.45,0.33,0.07,0.01,0,0,0.01,0.11,0
,,2,1.75,5.55,3.89,1.72,0.88,0.26,0.03,0,0,0.03,0.29,0
,,3,2.44,7.74,7.79,3.44,1.22,0.52,0.04,0,0,0.05,0.41,0
,,4,1.14,3.6,2.3,1.02,0.57,0.15,0.02,0,0,0.02,0.19,0
*,,,,,,,,,,,,,,
17,TxEquipment,1,2.22,3.44,3.94,0.98,0.56,0.14,0.22,0.07,0,0.01,0.11,0.07
,,2,5.84,9.06,15.03,3.72,1.46,0.52,0.58,0.31,0,0.03,0.29,0.26
,,3,8.14,12.62,30.13,7.46,2.04,1.04,0.81,0.4,0,0.05,0.41,0.52
,,4,3.79,5.88,8.9,2.2,0.95,0.31,0.38,0.23,0,0.02,0.19,0.15
*,,,,,,,,,,,,,,
18,Electrical,1,0.33,0.78,0.61,0.23,0.11,0.07,0.01,0,0.02,0.01,0,0
,,2,0.88,2.05,2.33,0.86,0.29,0.26,0.03,0,0.05,0.03,0,0
,,3,1.22,2.85,4.68,1.72,0.41,0.52,0.04,0,0.92,0.05,0,0
,,4,0.57,1.33,1.38,0.51,0.19,0.15,0.02,0,0.01,0.02,0,0
*,,,,,,,,,,,,,,
19,WoodProducts,1,0,0.56,0.41,1.8,0.11,0,0.01,0.39,0.05,0.01,0,0.07
,,2,0,1.46,1.55,6.87,0.29,0,0.03,1.86,0.16,0.03,0,0.26
,,3,0,2.04,3.12,13.78,0.41,0,0.04,2.38,2.75,0.05,0,0.52
,,4,0,0.95,0.92,4.07,0.19,0,0.02,1.36,0.04,0.02,0,0.15
*,,,,,,,,,,,,,,
20,Plastics,1,1.44,1.89,1.43,0.25,0.56,0.07,0.22,0,0,0.01,0,0
,,2,3.8,4.97,5.44,0.96,1.46,0.26,0.58,0,0,0.03,0,0
,,3,5.29,6.92,10.91,1.93,2.04,0.52,0.81,0,0,0.05,0,0
,,4,2.46,3.22,3.22,0.57,0.95,0.15,0.38,0,0,0.02,0,0
*,,,,,,,,,,,,,,
21,LtChem,1,0.99,1.75,2.51,2.41,0.54,0.26,0.1,0.06,0.03,0.06,0.21,0.06
,,2,2.59,4.62,9.55,9.2,1.43,1.01,0.26,0.28,0.1,0.23,0.55,0.24
,,3,3.61,6.43,19.15,18.44,1.99,2.02,0.36,0.35,1.73,0.46,0.77,0.48
,,4,1.68,3,5.66,5.45,0.93,0.6,0.17,0.2,0.03,0.14,0.36,0.14
*,,,,,,,,,,,,,,
22,OthrNonMetal,1,0.32,0.31,0.73,0,0.21,0,0,0.45,0.01,0,0,0
,,2,0.83,0.82,2.8,0,0.56,0,0,2.14,0.05,0.01,0,0
,,3,1.16,1.14,5.61,0,0.77,0,0.01,2.74,0.83,0.02,0,0
,,4,0.54,0.53,1.66,0,0.36,0,0,1.57,0.01,0.01,0,0
*,,,,,,,,,,,,,,
23,OthrPrimMetal,1,0,0,0.95,0,0,0,0,0,0,0,0,0
,,2,0,0,3.63,0,0,0,0,0,0,0,0,0
,,3,0,0,7.27,0,0,0,0,0,0,0,0,0
,,4,0,0,2.15,0,0,0,0,0,0,0,0,0
*,,,,,,,,,,,,,,
24,MiscFinished,1,1.77,3.32,2.17,0,0.54,0.18,0.17,0.19,0,0,0.49,0.16
,,2,4.65,8.74,8.26,0,1.43,0.7,0.44,0.9,0,0,1.29,0.62
,,3,6.47,12.18,16.57,0,2,1.4,0.61,1.15,0,0,1.79,1.25
,,4,3.01,5.67,4.9,0,0.93,0.41,0.28,0.66,0,0,0.83,0.37
