* Parameters for logit boiler shares based on MECS2006
Ind Reg   Alpha
1    1    -2.00
1    2    -2.00
1    3    -2.00
1    4    -2.00
2    1    -2.00
2    2    -2.00
2    3    -2.00
2    4    -2.00
3    1    -2.00
3    2    -2.00
3    3    -2.00
3    4    -2.00
4    1    -2.00
4    2    -2.00
4    3    -2.00
4    4    -2.00
5    1    -2.00
5    2    -2.00
5    3    -2.00
5    4    -2.00
6    1    -2.00
6    2    -2.00
6    3    -2.00
6    4    -2.00
7    1    -2.00
7    2    -2.00
7    3    -2.00
7    4    -2.00
8    1    -2.00
8    2    -2.00
8    3    -2.00
8    4    -2.00
9    1    -2.00
9    2    -2.00
9    3    -2.00
9    4    -2.00
10   1    -2.00
10   2    -2.00
10   3    -2.00
10   4    -2.00
11   1    -2.00
11   2    -2.00
11   3    -2.00
11   4    -2.00
12   1    -2.00
12   2    -2.00
12   3    -2.00,,,,,,,,,
12   4    -2.00,,,,,,,,,
13   1    -2.00,,,,,,,,,
13   2    -2.00,,,,,,,,,
13   3    -2.00,,,,,,,,,
13   4    -2.00,,,,,,,,,
14   1    -2.00,,,,,,,,,
14   2    -2.00,,,,,,,,,
14   3    -2.00,,,,,,,,,
14   4    -2.00,,,,,,,,,
15   1    -2.00,,,,,,,,,
15   2    -2.00,,,,,,,,,
15   3    -2.00,,,,,,,,,
15   4    -2.00,,,,,,,,,
16   1    -2.00,,,,,,,,,
16   2    -2.00,,,,,,,,,
16   3    -2.00,,,,,,,,,
16   4    -2.00,,,,,,,,,
17   1    -2.00,,,,,,,,,
17   2    -2.00,,,,,,,,,
17   3    -2.00,,,,,,,,,
17   4    -2.00,,,,,,,,,
18   1    -2.00,,,,,,,,,
18   2    -2.00,,,,,,,,,
18   3    -2.00,,,,,,,,,
18   4    -2.00,,,,,,,,,
19   1    -2.00,,,,,,,,,
19   2    -2.00,,,,,,,,,
19   3    -2.00,,,,,,,,,
19   4    -2.00,,,,,,,,,
20   1    -2.00,,,,,,,,,
20   2    -2.00,,,,,,,,,
20   3    -2.00,,,,,,,,,
20   4    -2.00,,,,,,,,,
21   1    -2.00,,,,,,,,,
21   2    -2.00,,,,,,,,,
21   3    -2.00,,,,,,,,,
21   4    -2.00,,,,,,,,,
22   1    -2.00,,,,,,,,,
22   2    -2.00,,,,,,,,,
22   3    -2.00,,,,,,,,,
22   4    -2.00,,,,,,,,,
23   1    -2.00,,,,,,,,,
23   2    -2.00,,,,,,,,,
23   3    -2.00,,,,,,,,,
23   4    -2.00,,,,,,,,,
24   1    -2.00,,,,,,,,,
24   2    -2.00,,,,,,,,,
24   3    -2.00,,,,,,,,,
24   4    -2.00,,,,,,,,,
Boiler Fuels,2018, trill. btu.,  from Mecs,,,,,,
IDM_industry,region,Resid,Distill,Natgas,LPG,Coal,Renew,OthPet,PCoke,Elec
7,1,0.01,0.13,26.38,0.03,5.84,4.55,0,0,0.44
7,2,0.02,0.62,100.51,0.11,19.68,6.23,0,0,1.17
7,3,0.07,0.79,201.56,1.83,8.26,35.37,0,0,1.63
7,4,0.01,0.45,59.54,0.03,3.21,5.85,0,0,0.76
8,1,0.77,0.13,26.25,0,8.21,102.28,0.98,1.23,0.56
8,2,1.18,0.62,100,0,27.66,140.14,1.52,2.68,1.46
8,3,4.56,0.79,200.52,0,11.61,795.08,5.86,8.25,2.04
8,4,0.49,0.45,59.24,0,4.51,131.49,0.63,2.84,0.95
9,1,0.23,0,74.73,0,15.16,0.46,0.67,0,0.22
9,2,0.36,0,284.7,0,51.07,0.63,1.04,0,0.58
9,3,1.37,0,570.91,0,21.44,3.6,4.01,0,0.81
9,4,0.15,0,168.66,0,8.33,0.6,0.43,0,0.38
10,1,0,0,0.07,0,0,0,0,0,0
10,2,0,0,0.26,0,0,0,0,0,0
10,3,0,0,0.52,0,0,0,0,0,0
10,4,0,0,0.15,0,0,0,0,0,0
11,1,0,0,0,0,0,0.11,0.89,6.38,0
11,2,0,0,0,0,0,0.14,1.37,13.94,0
11,3,0,0,0,0,0,0.82,5.28,42.91,0
11,4,0,0,0,0,0,0.14,0.57,14.77,0
12,1,0.01,0,3.06,0,0,0.04,0.02,1.06,0
12,2,0.02,0,11.66,0,0,0.06,0.03,2.32,0
12,3,0.07,0,23.38,0,0,0.33,0.13,7.15,0
12,4,0.01,0,6.91,0,0,0.05,0.01,2.46,0
13,1,0,0,0.95,0,0,0,0,0,0.11
13,2,0,0,3.63,0,0,0,0,0,0.29
13,3,0,0,7.27,0,0,0,0,0,0.41
13,4,0,0,2.15,0,0,0,0,0,0.19
14,1,0,0,0.88,0,0,0,0,0,0.11
14,2,0,0,3.37,0,0,0,0,0,0.29
14,3,0,0,6.75,0,0,0,0,0,0.41
14,4,0,0,2,0,0,0,0,0,0.19
15,1,0,0,0.48,0,0,0,0,0,0.11
15,2,0,0,1.81,0,0,0,0,0,0.29
15,3,0,0,3.64,0,0,0,0,0,0.41
15,4,0,0,1.07,0,0,0,0,0,0.19
16,1,0,0,0.75,0,0,0,0,0,0.11
16,2,0,0,2.85,0,0,0,0,0,0.29
16,3,0,0,5.71,0,0,0,0,0,0.41
16,4,0,0,1.69,0,0,0,0,0,0.19
17,1,0,0,1.7,0,0,0,0,0,0.11
17,2,0,0,6.48,0,0,0,0,0,0.29
17,3,0,0,12.99,0,0,0,0,0,0.41
17,4,0,0,3.84,0,0,0,0,0,0.19
18,1,0,0,0.41,0,0,0,0,0,0
18,2,0,0,1.55,0,0,0,0,0,0
18,3,0,0,3.12,0,0,0,0,0,0
18,4,0,0,0.92,0,0,0,0,0,0
19,1,0,0,1.29,0,0,20.21,0,0,0
19,2,0,0,4.92,0,0,27.69,0,0,0
19,3,0,0,9.87,0,0,157.11,0,0,0
19,4,0,0,2.92,0,0,25.98,0,0,0
20,1,0,0,2.11,0,0,0,0,0,0
20,2,0,0,8.03,0,0,0,0,0,0
20,3,0,0,16.1,0,0,0,0,0,0
20,4,0,0,4.76,0,0,0,0,0,0
21,1,0,0,7.07,0,0,0,0,0,0
21,2,0,0,26.94,0,0,0,0,0,0
21,3,0,0,54.03,0,0,0,0,0,0
21,4,0,0,15.96,0,0,0,0,0,0
22,1,0.01,0,0.75,0,0,0,0.1,0,0
22,2,0.02,0,2.85,0,0,0,0.15,0,0
22,3,0.07,0,5.71,0,0,0,0.59,0,0
22,4,0.01,0,1.69,0,0,0,0.06,0,0
23,1,0,0,0.1,0,0,0,0,0,0
23,2,0,0,0.1,0,0,0,0,0,0
23,3,0,0,0.3,0,0,0,0,0,0
23,4,0,0,0.1,0,0,0,0,0,0
24,1,0.02,0,0,0,0,2.54,0.28,0,0
24,2,0.03,0,0,0,0,3.48,0.44,0,0
24,3,0.13,0,0,0,0,19.72,1.69,0,0
24,4,0.01,0,0,0,0,3.26,0.18,0,0
Size shares
0.05,0.95
0.01,0.99
0.25,0.75
0.20,0.80
0.50,0.50
0.20,0.80
0.05,0.95
0.15,0.85
0.10,0.90
0.50,0.50
0.15,0.85
0.01,0.99
0.10,0.90
0.01,0.99
0.50,0.50
0.09,0.91
0.01,0.99
0.15,0.85
0.01,0.99
0.50,0.50
0.15,0.85
0.01,0.99
0.05,0.95
0.07,0.93
0.50,0.50
0.25,0.75
0.05,0.95
0.01,0.99
0.10,0.90
0.10,0.90
0.10,0.90
0.10,0.90
0.50,0.50